9.91281
9.84594
10.5548
10.662
10.739
10.6442
10.3477
9.78805
9.74531
9.83523
9.76328
9.83055
9.81055
9.86453
9.76383
9.75742
9.78578
9.79289
9.75578
9.72391
9.92219
9.92133
9.85305
9.83687
9.86453
10.0899
9.88453
9.83375
9.97469
9.97297
9.88195
10.063
9.88438
9.91859
9.82641
9.80344
10.1455
9.92344
9.94727
10.0143
9.96727
9.91195
9.90039
9.98234
10.022
9.94828
9.9682
9.8775
9.91648
9.93758
12.9668
19.1768
9.93477
9.93789
9.96656
9.89273
9.97617
9.88297
9.97633
10.0259
9.99914
9.91672
9.99773
10.027
10.142
10.1734
10.098
10.1998
10.0066
9.99234
10.0528
10.0121
10.1295
10.1341
10.0034
10.1249
9.84781
9.8893
9.79187
9.77352
9.77852
9.75641
9.77023
9.86148
9.91039
9.87203
9.84531
9.82625
9.84797
9.78305
9.76156
9.86578
9.80055
9.83828
9.78
10.2041
10.654
10.6396
10.6641
9.99117
