6.06969
6.18664
6.05695
6.09992
6.0707
6.11469
6.05813
6.34195
6.04492
6.12391
6.04961
6.08016
6.04344
6.08516
6.07812
6.10859
6.05578
6.16758
6.06742
6.07594
6.03641
6.11234
6.05352
6.08469
6.0757
6.1093
6.08734
6.07609
6.12055
6.09383
6.08406
6.12352
6.12359
6.13203
6.1
6.11789
6.08641
6.11359
6.10891
6.22273
6.15336
6.11516
6.17844
6.13633
6.07797
6.31844
6.3668
6.21828
6.08969
6.16594
6.11914
6.13648
6.11578
6.13617
6.09187
6.18422
6.10391
6.17477
6.09375
6.13563
6.07367
6.16469
6.17953
6.03969
6.08633
6.12031
6.11305
6.07867
6.10367
6.04797
6.20875
6.10703
6.14977
6.05305
6.06367
6.0568
6.09734
6.05086
6.08195
6.05539
6.11961
6.14555
6.11922
6.0668
6.065
6.07992
6.11531
6.0725
6.06531
6.08086
6.08148
6.05453
6.09148
6.09555
6.08141
6.06258
6.09195
6.07172
6.08008
6.08203
