6.51227
6.46711
6.50461
6.47828
6.46266
6.46023
6.93297
6.61969
6.45328
6.49406
6.48305
6.48477
6.44539
6.64336
6.45375
6.4993
6.49563
6.46117
6.51969
6.47867
6.48047
6.48156
6.48609
6.47242
6.47211
6.46102
6.48656
6.47383
6.53648
6.46711
6.42359
6.48602
6.46687
6.46664
6.43961
6.48719
6.46883
9.0475
12.36
6.4657
6.49188
6.45781
6.53086
6.54195
6.52391
6.4782
6.47687
6.46977
6.45172
6.61906
6.53797
6.58469
6.46305
6.50836
6.46047
6.54578
6.47969
6.53539
6.50258
6.46625
6.55164
6.43289
6.63828
6.54031
6.57047
6.50383
6.57234
6.43961
6.47781
6.48031
6.45016
6.47336
6.5107
6.4575
6.51625
6.45609
6.45922
6.49531
6.47148
6.45406
6.49211
6.48047
6.45266
6.49398
6.45336
6.47633
6.48195
6.45539
6.48805
6.50445
6.47492
6.44031
6.49648
6.5007
6.52953
6.48148
6.49109
6.44891
6.55563
6.46328
