5.74578
5.73984
5.76805
5.75359
5.77625
5.75422
5.75289
5.7457
5.95547
5.75563
5.84039
5.73539
5.76914
5.7493
5.7925
5.75805
5.74781
5.75414
5.74867
5.77547
5.74484
5.83344
5.80211
5.75867
5.76461
6.11133
5.80352
5.78203
5.76406
5.76352
5.77844
5.76273
5.77773
5.74898
5.78789
5.79063
5.76961
5.83
5.79563
5.82852
5.79422
5.81961
5.87656
5.82812
5.80672
5.85109
5.77156
5.76094
5.82086
6.00523
5.80719
5.81961
5.7818
5.76266
5.76164
5.76328
5.85031
5.74594
5.81195
5.7568
5.7893
5.72773
5.78867
5.75992
5.85336
5.73586
5.78148
5.79383
5.84187
5.79719
5.79148
5.81773
5.80102
5.75656
5.78906
5.76344
5.76883
5.95141
5.78172
5.81477
5.77516
5.75016
5.74602
5.8075
5.77242
5.85391
5.76828
5.85297
5.78984
5.83359
5.87211
5.8318
5.83555
5.79453
5.83078
5.81492
5.77383
5.89867
5.96625
6.24766
