5.71469
5.95953
5.73875
5.70289
5.83656
5.6932
5.71844
5.67312
5.88211
5.67633
5.68914
5.68641
5.69953
5.68203
6.56766
5.66758
5.72219
5.68656
5.73719
5.66133
5.71281
5.65875
5.72156
5.65391
5.80461
5.65547
5.70641
5.65703
5.68813
5.77906
5.69445
5.66883
5.68187
5.67563
5.70414
5.68875
5.68234
5.71984
5.70602
5.6743
5.67406
5.695
5.78055
7.00289
5.69516
5.67617
5.71086
5.66766
5.6993
5.70742
5.70508
5.70875
5.67094
5.67648
5.74898
5.68039
5.71664
5.70266
5.675
5.68148
5.73602
5.71258
5.6907
5.69008
5.97734
5.69695
5.66445
5.68719
5.71141
5.67977
5.65375
5.73211
5.68164
5.67844
5.67852
5.675
5.67328
5.87734
5.67742
5.71289
5.6807
5.68016
5.67477
5.69828
5.68609
5.77297
5.67711
5.6818
5.74227
5.69281
5.71578
5.72156
5.82688
5.72555
5.71922
5.75883
5.73281
5.72414
5.74437
5.7682
