5.68375
5.6075
5.78875
5.6675
6.32062
5.67312
5.67938
5.9725
5.70312
5.6875
5.68313
5.67625
5.66875
5.68562
5.775
5.685
5.68562
5.67375
5.60562
5.695
5.7075
6.085
5.68375
5.6775
5.68125
5.69437
5.67625
5.6925
5.89125
5.70188
5.74563
5.67375
5.68375
5.60375
5.70937
5.67687
5.67563
5.6925
5.83938
5.7225
5.78125
5.69625
5.685
5.66625
5.67063
5.66188
5.78937
5.60625
5.605
5.73313
6.9225
5.6525
5.68438
5.68
5.69062
6.10813
5.6825
5.77125
5.7125
5.70688
5.8225
5.69688
5.80813
5.67188
5.6775
5.68813
5.60313
5.65062
5.66563
5.74062
5.66812
5.98062
5.72063
5.69125
5.66812
5.67687
5.67687
5.71188
5.7775
5.67063
5.66563
5.85875
5.605
5.80563
5.69875
5.68687
5.73625
5.68063
6.13312
5.73062
5.73375
5.70688
5.79125
5.65375
5.78062
5.65437
5.65375
5.65313
5.605
5.69813
