6.0953
5.6502
5.6825
5.6457
5.7272
5.65
5.683
5.6963
5.7252
5.6942
5.7235
5.6833
5.6614
5.8103
5.6703
5.6864
5.6806
5.6694
5.6833
5.6656
5.7035
5.6775
5.6715
5.6987
5.6573
5.6924
5.6558
5.6792
5.6953
5.6635
5.7163
5.6592
5.7125
5.6597
5.6872
5.6756
5.6753
5.6761
5.7206
5.6913
5.6723
5.6924
5.6739
5.6678
5.6767
5.6877
5.6874
5.6529
5.7094
5.7351
5.6847
5.6594
5.7256
5.6623
5.6818
5.6945
5.664
5.6869
5.6891
5.6929
5.6982
5.6637
5.6953
5.6862
5.6639
5.6965
5.6524
5.6856
5.6637
5.665
5.6812
6.0072
5.6638
5.6964
5.6786
5.6677
5.7451
5.6761
5.6806
5.6698
5.6735
5.6557
5.6584
5.6935
5.6486
5.715
5.6827
5.6974
5.7191
5.6717
5.6836
5.6706
5.6759
5.7073
5.6809
5.7026
5.6731
5.6857
5.78
5.6825
