6.53062
6.43375
6.51625
6.43562
6.43313
6.44
6.70437
6.4725
6.42875
6.43562
6.47625
6.42875
6.42687
6.48813
6.51687
6.6
6.55312
6.43438
6.43313
6.43063
6.43125
6.435
6.50375
6.4325
6.4325
6.55938
6.89625
6.47562
6.4425
6.85562
6.44562
6.43187
6.43125
6.47625
6.60687
6.55438
6.485
6.43
6.46188
6.43187
6.42875
6.53562
6.44375
6.43438
7.2425
6.41563
6.41188
6.41188
6.41125
6.46938
6.63812
6.43562
6.43187
6.51625
6.54938
6.68125
6.43687
6.48187
7.0175
6.64687
6.62875
6.49062
6.53875
6.545
6.46687
6.47625
6.51875
6.58812
6.42687
6.69375
6.43813
6.495
7.30687
6.5825
6.42625
6.48875
6.4275
6.49062
6.42875
6.71063
6.53375
6.71625
6.43063
6.49188
6.42875
6.64687
6.4775
7.12563
6.58938
6.73
6.69437
6.69
6.65125
6.42625
6.42938
6.47938
6.49563
6.67625
6.62437
6.4925
