5.71312
5.6925
9.02063
7.6825
8.345
5.78437
5.67875
5.66
5.9325
5.65688
5.90062
7.65937
6.46812
6.21188
6.32062
5.94
5.6725
6.10938
5.72813
5.6725
5.9575
6.11313
5.84875
5.97625
5.92938
6.04625
5.87375
5.67063
5.67188
5.66625
5.67063
5.73438
5.67812
5.80687
7.66875
5.85813
5.6775
6.075
8.56312
5.8675
5.82562
8.14625
6.98562
10.7037
8.39687
7.76312
5.805
7.375
9.06813
14.2106
12.7063
7.25125
10.0694
15.1731
5.99875
7.745
8.63
9.27437
9.25875
7.78375
7.75375
10.5638
8.47813
6.54063
5.60813
5.74313
6.28875
17.5556
7.465
6.3325
5.61813
6.3275
5.61313
5.6575
5.815
5.65813
5.815
6.69125
7.00812
7.02937
9.43625
6.3775
5.77813
6.00812
6.32
6.80875
9.09563
8.92563
9.91313
7.55438
6.14313
7.73562
7.58125
7.08312
6.07937
6.37437
7.5275
7.46875
6.85813
8.0675
