6.84125
6.76187
6.74375
7.0475
9.305
8.6075
8.12688
6.61875
6.42938
6.43
6.90937
6.6775
6.43562
7.13938
8.4575
7.195
6.6475
7.47687
6.97625
6.595
6.79375
6.49313
6.67125
6.52625
8.29
6.45688
7.16125
7.9325
6.45062
6.43438
6.80687
6.53062
6.51625
6.42438
6.42
6.42625
6.47375
6.67188
6.46812
6.43562
6.62812
6.41062
6.4875
6.41375
6.415
6.41875
6.59812
6.63187
6.44813
6.50563
6.555
7.22562
6.5575
6.43125
6.50687
6.43625
6.42938
6.45125
6.6575
6.43562
6.47562
6.445
6.42875
6.47438
6.50625
6.55312
6.62812
6.44062
6.75063
6.505
6.43375
6.61
6.4925
6.5075
6.44625
6.43687
6.59125
6.6975
6.51687
6.45062
7.05875
12.0931
6.43375
6.4575
6.68813
7.855
12.5225
10.1819
6.51187
6.42812
6.42563
6.53812
6.5225
6.8275
6.53125
6.43562
6.43187
6.43687
6.42875
6.42812
