6.57937
6.47562
6.57
6.665
6.4225
6.53125
6.42063
6.47375
6.42375
6.41625
7.25
6.42438
6.77562
6.54
6.67
10.3462
8.83625
6.42625
6.6275
6.42812
6.42375
6.50687
6.46563
6.65
6.49062
6.45188
6.43687
6.4425
6.44688
6.51187
6.60187
6.51312
6.45188
6.48062
6.42625
6.52125
6.49125
6.43813
6.88438
6.6975
6.47
6.46563
6.43625
6.43
6.47875
6.47312
6.42812
6.57313
6.62312
6.85125
6.53688
6.45
6.515
6.86688
6.43187
6.42438
6.54625
6.44562
6.51938
6.45812
7.08437
6.57437
6.4425
6.44062
6.47438
6.4375
6.45563
6.44313
6.69875
6.4525
6.42625
6.46063
6.51063
6.44437
6.43813
6.50063
6.47687
6.69
6.72938
6.46188
6.4375
6.45062
6.47438
6.52688
6.445
6.57188
6.52875
6.54688
6.45812
6.50312
6.44437
6.44562
6.465
6.45
6.4325
6.43313
6.64938
6.49563
6.99
6.47125
