5.80687
5.66188
5.67188
6.4825
7.38187
6.68187
5.77
7.10438
7.21687
6.92563
6.08625
5.65
5.90188
7.87563
6.8825
5.6675
5.7625
5.8275
5.6125
5.73438
5.65937
5.65625
5.72125
5.68438
5.80125
6.23
5.66375
5.73438
6.29188
5.66688
5.72125
5.71375
5.67625
5.81313
6.02688
5.67125
6.50625
5.75437
5.65875
5.6575
5.65937
5.65813
5.65313
5.66062
6.0025
7.22875
5.91937
5.75563
5.8225
5.78062
5.6975
5.69437
5.6025
5.66812
5.83
5.68875
5.99
5.82188
5.695
5.695
5.85625
5.86313
5.74
5.775
5.84063
5.71438
6.53437
6.01813
6.04375
5.78062
5.70375
5.77813
5.82688
5.69562
5.68875
5.9075
7.58312
6.1975
5.84625
5.84375
5.92875
5.71938
5.85438
5.70188
5.78812
5.73125
7.29188
6.0825
5.695
6.62688
6.29
6.165
7.46125
8.56
7.26875
6.0825
6.94875
5.84375
6.19562
5.70188
