1.6367
1.5107
1.4626
1.4766
1.4653
1.5396
1.5322
1.5582
1.5603
1.649
1.6116
1.6006
1.4906
1.508
1.5022
1.4911
1.5315
1.5012
1.5389
1.4775
1.4931
1.4675
1.4745
1.4706
1.4738
1.5099
1.4838
1.5111
1.4762
1.4743
1.4906
1.4801
1.4739
1.4785
1.4751
1.4608
1.4844
1.4633
1.5313
1.4778
1.4915
1.4637
1.4731
1.4637
1.4617
1.5399
1.498
1.4977
1.5203
1.5021
1.5237
1.5051
1.5208
1.4995
1.5192
1.5071
1.5104
1.4993
1.5451
1.5021
1.5216
1.5081
1.5093
1.4976
1.5299
1.5
1.5064
1.5078
1.51
1.5014
1.5409
1.5199
1.4993
1.5151
1.4992
1.5112
1.4973
1.5189
1.4984
1.5124
1.5187
1.5114
1.5115
1.5106
1.5209
1.5204
1.5004
1.5091
1.4975
1.5085
1.5125
1.529
1.4989
1.4987
1.524
1.4987
1.5203
1.5048
1.5094
1.5097
