1.07818
1.04521
1.00479
0.974545
0.997355
1.00182
0.980579
0.985041
1.01008
0.950331
0.947107
0.946694
0.977851
0.94876
0.961405
1.01934
1.03686
0.958512
0.997934
0.972975
0.993884
0.949752
0.948264
0.945124
0.970661
1.00347
0.957851
0.970413
1.00281
0.986942
0.95
0.946942
0.957686
1.03521
0.996198
0.97314
0.980496
0.983719
0.998099
0.984298
0.947438
1.0781
1.11107
1.01736
1.00107
1.07008
0.994876
1.02893
0.998595
1.02372
1.00298
0.991157
1.0038
1.07983
1.07132
1.02529
0.999421
1.02289
0.996777
0.992066
0.999669
1.04
0.99876
0.991074
1.03215
1.0114
1.09645
1.00132
1.1243
1.01372
0.994876
0.992645
0.997521
1.00347
1.00769
0.99124
0.999091
0.993967
1.0019
0.999008
1.02413
1.03364
1.0038
1.00579
0.993058
1.0286
0.998264
0.999669
0.991901
0.989091
1.00884
1
1.00496
1.00463
0.999917
0.992727
0.999174
1.08562
1.01686
0.992479
