2.648
2.629
2.613
2.582
2.582
2.609
2.575
2.583
2.591
2.572
2.585
2.584
2.572
2.581
2.590
2.583
2.606
2.587
2.580
2.585
2.588
2.585
2.590
2.577
2.600
2.461
2.529
2.503
2.576
2.474
2.461
2.689
2.616
2.493
2.527
2.465
2.558
2.506
2.521
2.461
2.537
2.489
2.511
2.462
2.508
2.479
2.459
2.622
2.464
2.478
2.551
2.463
2.617
2.568
2.528
2.462
2.484
2.608
2.620
2.599
2.645
2.543
2.540
2.643
2.557
2.538
2.567
2.868
2.605
2.646
2.614
2.662
2.652
2.617
2.571
2.597
2.598
2.536
2.607
2.500
2.485
2.461
2.521
2.567
2.466
2.658
2.531
2.477
2.548
2.531
2.515
2.516
2.536
2.589
2.528
2.525
2.518
2.532
2.552
2.528
