1.04314
1.05719
1.04033
1.04579
1.03909
1.0581
1.0695
1.04289
1.05843
1.04017
1.04802
1.03909
1.03926
1.0805
1.03678
1.01669
1.01603
1.02851
1.04264
1.02322
1.01926
1.08397
1.02066
1.01777
1.01579
1.04198
1.01463
1.01521
1.01537
1.06694
1.02132
1.05835
1.01835
1.03
1.01438
1.01554
1.01554
1.08959
1.01694
1.01612
1.02298
1.02248
1.01488
1.01554
1.0819
1.06198
1.01802
1.01694
1.0419
1.01661
1.01645
1.02603
1.02289
1.05512
1.01826
1.01645
1.05843
1.03
1.02884
1.01645
1.03512
1.09521
1.02868
1.0243
1.01645
1.01562
1.03281
1.01496
1.02248
1.09769
1.02347
1.02595
1.03091
1.02397
1.01719
1.02298
1.0157
1.05455
1.0195
1.02306
1.0186
1.04157
1.06264
1.05058
1.04157
1.04058
1.02041
1.02347
1.02198
1.01554
1.01579
1.02331
1.02256
1.02124
1.01504
1.05554
1.04868
1.01752
1.01529
1.02248
