1.31041
1.28796
1.29918
1.40082
1.28551
1.48755
1.3051
1.28796
1.30102
1.30327
1.28694
1.30408
1.31714
1.28286
1.30041
1.28408
1.3002
1.33531
1.44571
1.30041
1.30122
1.28286
1.30082
1.30143
1.28367
1.30694
1.32898
1.27837
1.29918
1.38898
1.29
1.30429
1.30122
1.30367
1.39265
1.29878
1.28816
1.3
1.28061
1.3049
1.34347
1.28571
1.30102
1.30551
1.28224
1.3002
1.31837
1.28265
1.30082
1.41776
1.2849
1.30061
1.30429
1.30245
1.37939
1.2998
1.28327
1.3002
1.28388
1.31776
1.30327
1.28224
1.30347
1.32571
1.37939
1.31571
1.30143
1.28469
1.30204
1.30143
1.28102
1.30306
1.31755
1.28469
1.30347
1.28306
1.29918
1.30306
1.2849
1.39265
1.41102
1.28633
1.30245
1.29959
1.28347
1.31776
1.32776
1.28633
1.2998
1.30082
1.28347
1.30224
1.31633
1.28449
1.2998
1.35776
1.30245
1.31837
1.28429
1.31592
