1.0091
0.9785
0.9761
0.9843
0.9766
0.9846
1.1151
0.9794
0.9793
0.9848
0.9761
1.0886
0.9756
0.9752
0.9753
1.1546
0.9783
0.9755
0.9763
0.9753
0.9771
0.994
0.9769
1.1093
0.9666
1.0083
1.1215
0.9782
0.9781
1.1271
1.0658
0.9782
0.9782
0.9779
0.9794
1.0028
0.9952
0.9852
0.9789
0.9771
0.9855
0.9819
0.9777
0.9774
0.9904
1.0729
0.98
0.9797
0.9776
0.9771
0.9914
0.9778
0.987
0.9941
0.9792
1.0099
0.9787
0.9772
0.9769
0.9918
0.9865
0.9827
0.9766
0.9775
0.9846
0.9989
0.9794
0.9769
0.9831
1.0159
0.9809
0.9786
0.9781
0.9775
1.006
1.0947
0.9791
0.9782
0.9785
0.9884
0.9775
0.9774
0.9774
0.9768
0.9878
0.9904
0.9771
0.9772
0.9766
1.0006
0.9766
0.9778
0.9761
0.9838
0.9752
0.982
0.9767
0.9753
0.9881
0.9748
