1.00673
1.08061
1.04776
1.07918
1.08714
1.00898
1.11653
1.26878
1.17551
1.12204
1.11184
1.07694
1.10204
1.13939
1.07061
1.01898
1.12306
0.940612
0.963265
1.08694
0.96
0.939796
0.959592
0.94
1.06612
1.08694
0.96
1.08673
0.960204
0.939796
0.960612
0.954694
0.973469
1.08653
0.95898
1.08592
1.07041
1.08673
0.95898
0.939388
0.95898
1.08653
0.959592
0.939184
0.978367
1.11612
0.958571
0.939184
0.959388
1.08673
0.95898
0.93898
0.958776
1.08653
0.963265
1.08612
1.07347
1.10265
0.959592
0.93898
0.960204
1.08653
0.959184
1.08612
0.961224
1.08653
0.960204
0.939184
0.959796
0.93898
0.980612
1.08633
0.970204
1.08633
0.976735
1.08653
1.0651
1.08633
0.959796
0.93898
0.95898
0.967755
0.956735
0.939388
0.956735
1.08612
0.957347
1.08653
1.06673
1.08653
0.957755
1.08633
0.971633
1.08612
0.956939
0.939184
1.05776
1.08633
0.956122
0.938776
