3.174
2.992
2.936
3.014
3.523
3.002
2.943
3.011
2.954
2.952
2.933
2.947
2.951
2.977
2.954
2.941
2.958
2.977
2.955
2.940
2.990
2.963
2.954
2.968
2.933
2.963
2.945
2.985
2.939
2.996
2.935
2.952
2.948
2.983
2.976
2.961
2.951
2.941
2.964
2.955
2.955
2.949
2.951
2.976
2.980
2.938
2.970
2.940
2.993
2.981
2.942
2.950
2.934
2.964
2.978
2.933
2.911
2.885
2.865
2.963
2.903
2.885
2.899
2.864
2.909
2.888
2.883
2.867
2.936
2.870
3.010
2.899
2.870
2.883
2.880
2.925
2.868
2.897
2.868
2.867
2.924
2.948
2.909
2.888
2.883
2.896
2.884
2.882
2.871
2.887
2.896
2.884
2.939
2.913
2.890
2.868
2.917
2.872
2.886
2.871
