2.630
2.502
2.254
2.349
2.290
2.525
2.286
2.252
2.516
2.390
2.304
2.340
2.304
2.400
2.307
2.307
2.367
2.304
2.347
2.305
2.340
2.340
2.304
2.340
2.304
2.365
2.340
2.305
2.366
2.304
2.338
2.340
2.305
2.339
2.305
2.339
2.304
2.337
2.340
2.418
2.339
2.372
2.346
2.339
2.303
2.340
2.305
2.339
2.340
2.304
2.366
2.305
2.342
2.339
2.304
2.343
2.305
2.340
2.326
2.333
2.339
2.304
2.339
2.305
2.338
2.564
3.753
3.975
3.847
3.892
3.885
3.980
3.935
3.808
4.011
2.270
2.305
2.268
2.313
2.298
2.311
2.304
2.267
2.303
2.268
2.346
2.360
2.300
2.302
2.268
2.303
2.268
2.302
2.303
2.267
2.303
2.322
2.302
2.302
2.269
