0.883951
0.883704
0.879506
0.865556
0.922346
0.946543
1.0342
0.916914
0.939506
0.878765
0.987531
0.948395
0.912346
0.957407
0.87716
0.932346
0.935926
0.91358
0.87716
0.876173
0.865679
0.934074
0.901235
0.897778
0.886296
0.89679
0.896667
0.885432
0.896543
0.905679
0.9
0.885309
0.896173
0.914938
0.898272
0.910494
0.899506
0.906667
0.896914
0.885926
0.89642
0.896173
0.89679
0.885556
0.895185
0.914815
0.888025
0.897284
0.897531
0.899012
0.827901
0.835926
0.841481
0.820494
0.849877
0.830617
0.819506
0.83037
0.830494
0.81963
0.840494
0.831235
0.83
0.845309
0.831111
0.83
0.820247
0.830123
0.844938
0.81963
0.830864
0.83037
0.820123
0.842963
0.833704
0.820988
0.858519
0.830617
0.828642
0.831111
0.830617
0.819259
0.830494
0.830741
0.840494
0.819753
0.830123
0.830617
0.819259
0.829877
0.83037
0.829259
0.853457
0.831852
0.820123
0.830864
0.830494
0.821728
0.861481
0.831605
