5.286
5.128
5.223
5.223
5.213
5.623
5.258
5.275
5.219
5.162
5.289
5.449
5.261
5.110
5.308
5.132
5.257
5.277
5.338
5.222
5.095
5.239
5.338
5.383
5.352
5.244
5.243
5.236
5.306
5.273
5.404
5.340
5.236
5.218
5.238
5.250
5.342
5.297
5.237
5.323
5.323
5.289
5.322
5.236
5.308
5.264
5.246
5.287
5.282
5.324
5.341
5.298
5.233
5.291
5.258
5.344
5.276
5.214
5.391
5.226
5.350
5.154
5.092
5.048
5.200
5.165
5.121
5.132
5.075
5.134
5.047
5.096
5.046
5.113
5.117
5.088
5.315
5.048
4.970
5.512
5.182
5.052
4.982
5.105
5.230
5.301
5.204
5.150
5.223
5.102
5.039
5.012
5.543
5.046
5.105
5.091
5.197
5.097
5.201
5.162
