3.198
2.992
2.936
2.955
3.025
2.952
2.979
2.941
2.951
3.013
2.951
2.942
2.925
2.950
2.998
2.955
2.954
2.946
2.942
2.983
2.947
2.965
2.936
2.925
2.938
2.988
2.943
2.939
2.940
2.962
2.981
2.942
2.935
2.950
2.955
2.981
2.946
2.974
2.939
2.940
2.990
2.945
2.932
2.942
2.950
2.963
2.968
2.952
2.941
2.967
2.945
2.969
2.938
2.962
2.950
2.940
2.947
2.949
2.945
2.966
2.946
2.971
2.939
2.945
2.946
2.978
2.956
2.969
2.947
2.977
2.939
2.936
2.949
2.941
2.948
2.948
2.975
2.972
2.902
2.808
2.793
2.819
2.810
2.828
2.971
2.835
2.806
2.810
2.831
2.855
2.992
2.810
2.795
2.944
2.818
2.863
2.810
2.794
2.825
2.816
