3.484
3.317
3.292
3.335
3.320
3.281
3.311
3.302
3.297
3.286
3.293
3.305
3.270
3.297
3.331
3.296
3.208
3.204
3.237
3.231
3.205
3.198
3.241
3.233
3.228
3.205
3.361
3.277
3.226
3.209
3.305
3.394
3.255
3.223
3.257
3.204
3.202
3.226
3.336
3.236
3.199
3.204
3.239
3.141
3.207
3.146
3.188
3.219
3.134
3.189
3.243
3.157
3.258
3.187
3.178
3.503
3.185
3.212
3.136
3.252
3.189
3.154
3.200
3.192
3.127
3.226
3.132
3.220
3.195
3.146
3.202
3.191
3.178
3.203
3.130
3.262
3.275
3.265
3.292
3.222
3.315
3.145
3.152
3.255
3.166
3.153
3.174
3.192
3.233
3.145
3.150
3.182
3.216
3.176
3.185
3.154
3.312
3.146
3.263
3.188
