3.080
2.989
2.962
2.984
3.197
2.987
2.965
2.959
3.643
4.939
3.374
2.982
3.014
2.968
2.950
2.971
2.963
2.969
2.968
2.954
2.957
2.961
2.967
2.966
2.841
2.876
2.856
2.814
2.849
2.852
2.879
2.820
2.887
2.830
2.898
2.830
2.838
2.835
2.835
2.961
2.858
2.828
2.839
2.918
2.855
2.865
2.866
2.830
2.874
2.912
2.823
2.877
2.899
2.902
2.865
2.855
2.820
2.998
2.870
3.056
2.940
2.982
3.007
2.988
2.934
2.922
3.027
2.947
2.987
2.992
3.162
2.963
3.016
2.996
2.947
3.051
2.891
2.927
2.876
2.990
2.941
2.924
2.912
2.901
2.935
2.916
2.903
2.901
2.917
2.899
2.887
2.909
2.877
2.922
2.889
2.900
2.876
2.935
2.893
2.902
