3.242
2.454
2.557
2.221
2.174
2.174
2.220
2.888
2.771
2.445
2.531
2.175
2.664
2.221
2.172
2.174
2.220
2.531
2.222
2.174
2.173
2.222
2.174
2.173
2.417
2.383
2.998
2.279
2.264
3.237
2.364
2.637
2.356
2.176
2.401
2.175
2.535
2.554
2.174
2.401
2.174
2.174
3.277
2.356
2.222
2.174
2.174
2.263
2.535
2.221
2.357
3.236
2.174
2.546
2.221
2.173
2.174
2.220
2.529
2.291
2.579
2.356
2.223
2.713
2.173
2.221
2.175
2.174
2.221
2.542
2.221
2.219
2.174
2.627
2.544
2.301
2.174
2.588
2.221
2.532
2.174
2.221
2.175
2.261
2.172
2.541
2.221
2.174
2.174
2.221
2.904
2.220
2.174
2.173
2.221
2.599
2.435
2.219
2.174
2.220
