3.175
2.991
2.952
2.931
2.930
3.039
3.054
2.961
2.934
2.951
2.937
3.063
2.982
2.946
2.929
2.942
2.979
2.929
2.982
2.931
2.962
2.958
2.942
2.929
2.958
2.937
2.943
2.929
2.969
2.943
2.928
2.970
2.975
2.944
2.927
2.957
2.927
2.929
2.943
2.944
2.941
2.928
2.982
2.928
2.944
2.928
2.967
2.926
2.927
3.011
2.929
2.942
2.954
2.992
2.927
2.942
2.939
2.943
2.925
2.928
2.968
2.927
2.968
2.941
2.942
2.928
2.982
2.938
2.929
2.939
2.928
3.019
2.935
2.968
2.942
2.957
2.928
2.942
2.964
2.946
2.937
2.941
2.943
2.952
2.957
2.927
2.943
2.951
2.943
2.928
2.966
2.943
2.929
2.980
2.938
2.942
2.942
2.943
2.929
2.955
