0.7756
0.7704
0.8824
0.7704
0.7708
0.772
0.7704
0.8024
0.7704
0.7704
0.7704
0.7704
0.8016
0.77
0.77
0.7704
0.7708
0.9572
0.77
0.7704
0.884
0.7704
0.8548
0.9972
0.884
0.8848
0.9196
0.8328
0.9416
0.7704
0.8628
0.8212
0.9728
0.768
0.7688
0.7996
0.8816
0.8828
0.8824
0.9792
0.8852
0.8256
0.8816
1.0308
0.768
0.7684
0.7684
0.7688
0.8
0.882
0.7684
0.7684
0.882
0.9132
0.9996
0.8824
0.7688
1.008
0.9372
0.7688
0.7688
0.7684
0.7996
0.7684
0.7688
0.7688
0.7684
0.7996
0.7964
0.7684
0.7688
0.7688
0.8528
0.7684
0.7688
0.7688
0.7688
1.0512
1.01
0.7688
0.7688
0.7688
0.8004
0.768
0.7688
0.7688
0.7688
0.9116
0.7684
0.7688
0.7684
0.7684
0.9156
0.768
0.7688
0.7688
0.8004
0.768
0.7972
0.768
