6.349
5.947
6.049
6.132
5.714
5.845
5.956
6.450
6.247
5.874
6.111
6.040
6.058
6.007
6.363
5.789
5.902
5.870
5.987
5.941
6.014
5.845
5.642
5.962
5.657
5.792
5.854
6.202
6.177
6.132
6.683
6.041
5.886
5.755
6.505
6.294
5.947
5.793
6.103
5.651
5.606
5.737
5.677
6.148
5.700
6.387
6.014
5.912
6.231
5.861
6.474
5.760
6.246
5.793
5.653
5.727
6.260
5.832
6.037
5.606
5.815
5.941
5.705
5.805
5.822
6.109
5.714
6.203
5.947
5.678
6.102
5.849
5.780
5.900
6.191
6.105
6.248
5.757
6.169
6.271
5.788
5.732
5.817
5.788
5.723
6.235
5.935
5.663
6.180
6.232
5.960
6.151
5.610
6.331
6.445
5.842
6.105
5.676
5.802
5.703
