9.35306
9.0962
9.17587
9.01934
9.37562
9.42306
9.41884
9.43595
9.41909
9.43471
9.40669
9.40926
9.41488
9.25843
9.29364
9.23463
9.21769
9.25769
9.21397
9.23289
9.1986
9.24355
9.16694
9.0614
9.1224
9.11645
9.11438
9.10314
9.0695
9.03041
9.11529
9.26091
9.18959
9.27777
9.15917
9.22116
9.08612
9.24769
9.1024
9.04934
9.24917
9.22182
9.22479
9.21479
10.8332
9.42612
9.21083
9.24851
9.21545
9.08686
9.04132
9.10298
9.10289
9.08785
9.08537
9.13074
9.0505
9.09769
9.09364
9.13008
9.11314
9.11207
9.14488
9.03843
9.09736
9.09289
9.03496
9.13331
9.18231
9.2476
9.11372
9.18306
9.12397
9.04521
9.20256
9.10289
9.07793
9.0995
9.2395
9.10934
9.96545
9.15471
9.46116
9.32876
9.41107
9.41504
9.40628
9.41843
9.40603
9.42769
9.42298
9.44058
9.39413
9.34157
9.13488
9.07579
9.05066
9.3676
9.47769
9.19686
