1.0975
1.0483
1.0375
1.0365
1.0373
1.0369
1.0668
1.0363
1.0366
1.0532
1.0401
1.038
1.0452
1.0531
1.0382
1.0392
1.0388
1.0449
1.0379
1.0757
1.0148
1.0434
1.0358
1.0124
1.0137
1.0126
1.0126
1.044
1.0625
1.0158
1.0125
1.0124
1.0223
1.0139
1.056
1.0186
1.0486
1.0268
1.0964
1.016
1.0122
1.0136
1.0433
1.0132
1.0131
1.0121
1.0119
1.0383
1.0564
1.0129
1.0123
1.013
1.0686
1.0141
1.0123
1.0141
1.0277
1.0727
1.0145
1.0134
1.0142
1.0348
1.0169
1.0202
1.0149
1.0129
1.0191
1.1395
1.0207
1.0167
1.0148
1.0275
1.0126
1.0125
1.0209
1.0121
1.0684
1.0139
1.0435
1.0125
1.0135
1.0143
1.0623
1.0165
1.0145
1.0272
1.0719
1.0248
1.0135
1.0142
1.0147
1.022
1.0144
1.0149
1.0142
1.0255
1.0662
1.0135
1.0785
1.0244
