1.17188
1.16875
1.22
1.1675
1.16625
1.16625
1.16625
1.32187
1.16875
1.4975
1.16688
1.60312
1.16875
1.16813
1.16688
1.16562
1.16562
1.22188
1.16813
1.16625
1.16625
1.16813
1.21875
1.16688
1.16625
1.16375
1.16562
1.21938
1.16688
1.16625
1.16688
1.16625
1.21875
1.16562
1.245
1.16813
1.1675
1.21562
1.16688
1.16625
1.16625
1.16625
1.21812
1.16625
1.16688
1.165
1.16625
1.2175
1.16562
1.16625
1.1675
1.16813
1.16562
1.2175
1.16813
1.16688
1.16562
1.16688
1.21812
1.16625
1.16688
1.16625
1.2825
1.22125
1.1675
1.16688
1.16875
1.16688
1.21875
1.16688
1.165
1.16625
1.1675
1.2175
1.21437
1.16688
1.22875
1.16688
1.26687
1.16688
1.1675
1.16688
1.165
1.27
1.1675
1.16625
1.16625
1.16688
1.21687
1.16625
1.16562
1.16562
1.16375
1.16688
1.21875
1.16813
1.16625
1.16688
1.1675
1.21812
