1.24687
1.00937
1.00875
1.00875
1.00875
1.06187
1.01188
1.28438
1.10813
1.00937
1.00875
1.06062
1.13375
1.01188
1.01188
1.00687
1.00687
1.15
1.10563
1.01125
1.28375
1.10813
1.34375
1.0125
1.15187
1.2875
1.0125
1.16875
1.0125
1.0125
1.0075
1.00687
1.0075
1.05812
1.0125
1.105
1.0125
1.01188
1.0125
1.15437
1.105
1.0125
1.2875
1.105
1.155
1.0125
1.10563
1.1075
1.19
1.0125
1.06062
1.0125
1.0125
1.0125
1.00812
1.0075
1.0625
1.10688
1.01313
1.0075
1.0075
1.05688
1.10375
1.2875
1.095
1.28438
1.155
1.105
1.0875
1.105
1.28875
1.01313
1.665
1.01562
1.0075
1.0075
1.0075
1.0625
1.0125
1.1075
1.01313
1.0125
1.0125
1.06313
1.10688
1.10563
1.2025
1.09438
1.06313
1.01188
1.01313
1.01313
1.0125
1.0075
1.05812
1.0125
1.0125
1.0125
1.0125
1.0075
