3.439
3.250
3.282
3.259
3.232
3.259
3.264
3.239
3.258
3.236
3.261
3.284
3.269
3.240
3.247
3.256
3.250
3.241
3.261
3.305
3.317
3.238
3.464
3.208
3.314
3.260
3.258
3.181
3.161
3.554
3.899
3.401
3.207
3.178
3.239
3.173
3.171
3.165
3.185
3.220
3.157
3.180
3.177
3.175
3.201
3.175
3.173
3.156
3.188
3.232
3.160
3.175
3.171
3.155
3.317
3.206
3.163
3.191
3.174
3.385
3.197
3.173
3.168
3.222
3.223
3.167
3.176
3.176
3.165
3.221
3.166
3.192
3.163
3.166
3.215
3.203
3.188
3.164
3.155
3.402
3.241
3.295
3.370
3.266
3.203
3.196
3.179
3.166
3.218
3.232
3.185
3.185
3.182
3.222
3.183
3.212
3.172
3.163
3.246
3.196
