0.857755
0.772653
0.887551
0.788163
0.77102
0.847347
0.771224
0.771224
0.78898
0.796122
0.786939
0.770816
0.77102
0.823061
0.771429
0.77102
0.770816
0.770816
0.787347
0.77102
0.77102
0.787347
0.770816
0.786939
0.770816
0.77102
0.846122
0.881224
0.786122
0.79
0.770816
0.846122
0.770816
0.77102
0.787347
0.77102
0.787347
0.77102
0.77102
0.787755
0.77102
0.77102
0.787347
0.771633
0.862857
0.77102
0.771224
0.78898
0.77102
0.814286
0.771429
0.77102
0.849796
0.987755
0.788571
0.770816
0.77102
0.846327
0.770816
0.795714
0.77102
0.77102
0.787143
0.770816
0.787143
0.770612
0.77102
0.787551
0.77102
0.787347
0.770816
0.771224
0.787347
0.785714
0.770816
0.786939
0.770816
0.850408
0.876122
0.788367
0.77102
0.77102
0.845714
0.770612
0.77102
0.871429
0.792449
0.817551
0.771224
0.77102
0.787755
0.770816
0.787347
0.77102
0.77102
0.787551
0.770816
0.787143
0.770816
0.793469
