1.03408
1.00816
1.02857
1.00755
1.05837
1.00776
1.02306
1.14224
1.09714
1.00388
1.0249
1.01857
1.03163
1.00388
1.02408
1.00388
1.02367
1.00388
1.02347
1.00388
1.02347
1.00367
1.12327
1.02469
1.00735
1.04102
1.10408
1.06755
1.03102
1.05102
1.03102
1.05429
1.03082
1.07143
1.03082
1.05061
1.03102
1.05082
1.05449
1.04735
1.02714
1.04816
1.02714
1.04857
1.03102
1.08918
1.03204
1.05224
1.04755
1.04592
1.05714
1.03102
1.07306
1.03204
1.05224
1.03143
1.05367
1.03265
1.05122
1.03184
1.05143
1.04694
1.06939
1.03082
1.05061
1.03878
1.05204
1.02714
1.04816
1.02735
1.05102
1.02714
1.07265
1.05102
1.03082
1.0502
1.03082
1.05041
1.03102
1.04837
1.03082
1.04837
1.03082
1.07714
1.09714
1.05204
1.02898
1.04714
1.02918
1.05061
1.02878
1.06918
1.05633
1.04388
1.04673
1.02531
1.04531
1.02898
1.04612
1.04673
