2.581
2.635
2.513
2.538
2.609
2.514
2.522
2.501
2.630
2.810
2.514
2.517
2.501
2.568
2.666
2.566
2.588
2.564
2.575
2.571
2.575
2.566
2.557
2.590
2.582
2.576
2.588
2.578
2.576
2.557
2.566
2.558
2.561
2.600
2.577
2.581
2.555
2.570
2.559
2.570
2.562
2.569
2.599
2.560
2.580
2.558
2.568
2.574
2.575
2.582
2.565
2.566
2.570
2.572
2.566
2.572
2.585
2.576
2.581
2.558
2.562
2.565
2.545
2.518
2.506
2.497
2.511
2.500
2.505
2.573
2.535
2.535
2.762
2.546
2.528
2.503
2.509
2.569
2.571
2.525
2.513
2.524
2.501
2.508
2.559
2.531
2.511
2.505
2.500
2.506
2.502
2.501
2.711
2.529
2.520
2.514
2.513
2.499
2.512
2.503
