0.885372
0.882893
0.881157
0.94686
0.880496
0.892231
0.879835
0.891653
0.87686
0.884463
0.88314
0.877603
0.924298
0.877769
0.879587
0.883554
0.877438
0.877851
0.908678
0.877521
0.887603
0.89562
0.911488
0.878512
0.878264
0.883306
0.87686
0.877769
0.876942
0.87719
0.88314
0.925124
0.879174
0.920413
0.89124
0.894132
0.878017
0.877686
0.877273
0.877107
0.921074
0.878347
0.879256
0.877934
0.877851
0.889752
0.877273
0.907273
0.889504
0.932397
0.879752
0.879504
0.877769
0.877603
0.893802
0.876694
0.877438
0.884793
0.882562
0.883967
0.877934
0.877438
1.02
1.24537
1.22521
1.23041
1.29612
1.20661
1.04124
0.884463
0.900083
0.877934
0.878843
0.877769
0.896198
0.994298
0.882231
0.881157
0.884959
0.878099
0.878017
0.877438
0.878017
0.877438
0.921322
0.878843
0.900579
0.890909
0.878099
0.933471
0.892149
0.884876
0.883058
0.891736
0.886777
0.879587
0.880083
0.886364
0.884711
0.880083
