0.769722
0.792778
0.768611
0.768889
0.769167
0.79
0.768889
0.802222
0.790556
0.768611
0.769167
0.768889
0.790556
0.768889
0.768611
0.833889
0.768889
0.768889
0.768889
0.863333
0.808056
0.768889
0.791111
0.768611
0.768889
0.790278
0.768889
0.768889
0.769167
0.790833
0.768611
0.768889
0.789444
0.768333
0.768889
0.768889
0.918333
0.768333
0.79
0.768889
0.768889
0.789722
0.768889
0.768889
0.768889
0.789722
0.768611
0.768889
0.789722
0.768611
0.768889
0.768889
0.789722
0.768611
0.947778
0.811667
0.768611
0.768889
0.790556
0.768889
0.769167
0.768889
0.79
0.768611
0.768889
0.768889
0.768611
0.768889
0.768889
0.825833
0.768889
0.769167
0.790278
0.768611
0.768889
0.768889
0.790278
0.820833
0.768889
0.79
0.768889
0.768889
0.768611
0.789722
0.768611
0.768889
0.79
0.768611
0.768889
0.888611
0.960833
0.769722
0.768889
0.791667
0.768889
0.768889
0.768611
0.790278
0.787778
0.768611
