0.8996
0.898
0.9332
0.8984
0.8988
0.8984
0.93
0.8984
0.8984
0.8988
0.8984
0.9996
0.898
0.8984
0.8984
1.0796
0.8312
0.8296
0.8304
0.8676
0.8312
0.8304
0.8308
0.8308
0.8644
0.8312
0.8784
0.8308
0.8628
0.8308
0.8308
0.8312
0.8304
0.8628
0.83
0.8308
0.8312
0.8316
0.8632
0.8312
0.8324
0.8316
0.8624
0.83
0.8308
0.8312
0.832
0.8624
0.8304
0.8312
0.8304
0.8316
0.864
0.8304
0.8316
0.8316
0.8624
0.83
0.8304
0.86
0.8308
0.9432
0.8316
0.8748
0.8324
0.8332
0.8316
0.8328
0.8644
0.8328
0.832
0.8316
0.8328
0.8648
0.8316
0.8324
0.832
0.916
0.8316
0.8324
0.8324
0.8332
0.8652
0.832
0.8332
0.8328
0.832
0.8648
0.8316
0.832
0.8332
0.8656
0.832
0.8616
0.8332
0.8324
0.8648
0.832
0.8316
0.8324
