1.0562
1.07694
1.06289
1.05959
1.05653
1.10008
1.04909
1.04521
1.05397
1.05256
1.04446
1.04446
1.20736
1.25818
1.16074
1.06529
1.04942
1.07331
1.05496
1.04686
1.08835
1.05256
1.04669
1.04479
1.09479
1.07719
1.05603
1.08364
1.07702
1.05347
1.0562
1.04438
1.04504
1.04868
1.05496
1.06033
1.10661
1.08669
1.04711
1.04471
1.0543
1.05198
1.04455
1.04455
1.07446
1.09058
1.06826
1.07488
1.05306
1.04983
1.04645
1.05942
1.06727
1.04603
1.05545
1.05554
1.05736
1.05587
1.05926
1.05438
1.05264
1.06058
1.04777
1.0462
1.06149
1.04537
1.04512
1.05554
1.03686
1.02174
1.03364
1.02124
1.03686
1.06471
1.02744
1.03165
1.03554
1.02207
1.0224
1.03587
1.02107
1.02215
1.03339
1.05116
1.02479
1.02165
1.06843
1.04364
1.0224
1.02124
1.0286
1.03603
1.02653
1.02025
1.04322
1.03041
1.02149
1.02479
1.02868
1.07372
