1.22755
1.34327
1.25959
1.24265
1.26143
1.24245
1.26286
1.26592
1.24367
1.2749
1.2402
1.26143
1.26531
1.2402
1.26265
1.26388
1.24306
1.2898
1.24388
1.26041
1.26327
1.24286
1.26327
1.28
1.24408
1.26429
1.24306
1.26592
1.26531
1.24469
1.28878
1.26082
1.24531
1.31143
1.24673
1.2298
1.23347
1.2151
1.23408
1.23224
1.22959
1.23163
1.21673
1.23265
1.23224
1.2151
1.23571
1.21592
1.34286
1.32347
1.23061
1.23408
1.23571
1.21633
1.23102
1.21408
1.23408
1.23388
1.21531
1.2602
1.21469
1.23653
1.23592
1.21531
1.23286
1.33122
1.21531
1.23592
1.22898
1.23347
1.23224
1.21918
1.2598
1.2151
1.30959
1.23327
1.21082
1.24755
1.23551
1.21143
1.23388
1.21408
1.31163
1.23735
1.21918
1.23102
1.24347
1.23224
1.23469
1.21367
1.23306
1.21408
1.23408
1.23102
1.2349
1.23286
1.25714
1.21796
1.35796
1.21755
