1.1272
1.16
1.1304
1.0068
1.4628
1.072
1.0072
1.0068
1.0376
1.0072
1.0064
1.0068
1.0384
1.0096
1.1204
1.1196
1.0408
1.0096
1.0068
1.0072
1.3152
1.0072
1.0072
1.0384
1.0376
1.0068
1.0072
1.166
1.0068
1.1208
1.1512
1.1224
1.0072
1.1192
1.1
1.01
1.0068
1.0068
1.0396
1.0104
1.0068
1.202
1.0112
1.1228
1.1212
1.0384
1.008
1.0072
1.0072
1.0376
1.0392
1.0076
1.0068
1.04
1.0112
1.0068
1.0068
1.1548
1.0068
1.0068
1.3392
1.0636
1.1284
1.0692
1.0416
1.1212
1.0068
1.0384
1.0104
1.0072
1.0068
1.0376
1.0084
1.0068
1.1216
1.372
1.0072
1.0072
1.3152
1.052
1.0068
1.0072
1.1592
1.0096
1.0072
1.0072
1.0404
1.0072
1.1208
1.0072
1.1584
1.1212
1.122
1.0376
1.1224
1.0068
1.12
1.1528
1.0072
1.0072
