3.435
3.289
3.184
3.289
3.233
3.270
3.193
3.197
3.234
3.279
3.192
3.169
3.274
3.194
3.160
3.155
3.566
3.194
3.161
3.160
3.311
3.226
3.251
3.251
3.259
3.243
3.235
3.268
3.253
3.255
3.234
3.265
3.234
3.233
3.318
3.254
3.247
3.233
3.231
3.260
3.285
3.225
3.258
3.249
3.234
3.242
3.280
3.288
3.245
3.255
3.260
3.258
3.270
3.239
3.248
3.250
3.233
3.251
3.210
3.171
3.158
3.158
3.170
3.180
3.339
3.177
3.159
3.160
3.160
3.195
3.297
3.309
3.239
3.207
3.198
3.154
3.230
3.191
3.150
3.168
3.178
3.165
3.266
3.205
3.150
3.177
3.171
3.192
3.216
3.166
3.165
3.151
3.196
3.150
3.217
3.158
3.175
3.159
3.185
3.169
