0.793967
0.800413
0.792975
0.808347
0.799008
0.799174
0.801322
0.814298
0.81843
0.813884
0.800579
0.799917
0.800165
0.806281
0.802893
0.801736
0.807686
0.799917
0.815537
0.802231
0.802314
0.807025
0.812727
0.800661
0.800496
0.801405
0.800744
0.816694
0.817603
0.808843
0.80405
0.805785
0.809174
0.802562
0.802397
0.802314
0.801405
0.815537
0.829256
0.805455
0.805537
0.803306
0.802314
0.807438
0.800744
0.812231
0.804793
0.803223
0.846942
0.803058
0.80405
0.802975
0.815868
0.807025
0.800331
0.800909
0.800579
0.801157
0.809256
0.802066
0.801157
0.802397
0.807934
0.802479
0.80157
0.801157
0.817521
0.812727
0.806116
0.801901
0.80157
0.807769
0.80124
0.793719
0.800248
0.800331
0.805702
0.806942
0.805289
0.811488
0.803306
0.808595
0.800248
0.813967
0.80405
0.802231
0.808512
0.801405
0.800579
0.807603
0.807851
0.801736
0.808099
0.803223
0.803636
0.808099
0.799835
0.800579
0.813554
0.817686
