3.089
2.864
2.917
2.862
2.916
2.864
3.119
2.864
2.914
2.861
3.458
2.865
2.915
2.863
2.916
2.862
2.915
2.908
3.011
2.860
2.859
2.906
2.857
2.906
2.857
2.909
2.857
2.907
2.859
3.131
2.979
3.169
2.858
2.905
2.861
2.908
2.857
2.856
2.857
2.856
2.908
2.856
2.908
2.859
2.907
2.857
2.908
2.858
2.906
2.858
2.981
2.859
2.906
2.997
2.906
2.857
2.905
2.908
2.859
2.906
2.856
3.126
2.857
3.105
2.859
2.906
2.860
2.906
2.857
3.022
2.858
2.907
2.859
2.859
3.126
2.995
2.973
2.926
2.976
2.925
2.975
2.972
3.052
2.924
2.974
2.926
2.973
2.923
2.974
2.924
2.975
2.925
3.017
2.924
3.092
2.926
3.088
2.928
2.975
2.926
