3.429
3.345
3.275
3.318
3.290
3.300
3.290
3.312
3.291
3.297
3.287
3.294
3.291
3.309
3.276
3.282
3.309
3.287
3.257
3.250
3.215
3.205
3.199
3.363
3.273
3.198
3.247
3.262
3.228
3.204
3.194
3.251
3.219
3.206
3.195
3.246
3.233
3.233
3.215
3.259
3.206
3.202
3.202
3.253
3.191
3.172
3.172
3.254
3.198
3.167
3.226
3.398
3.166
3.206
3.133
3.321
3.424
3.295
3.179
3.242
3.173
3.190
3.143
3.378
3.220
3.189
3.240
3.165
3.197
3.192
3.215
3.271
3.221
3.205
3.213
3.245
3.222
3.208
3.212
3.216
3.243
3.204
3.226
3.199
3.279
3.235
3.197
3.276
3.366
3.251
3.208
3.279
3.287
3.212
3.207
3.164
3.245
3.174
3.183
3.206
