0.76875
0.768125
0.769375
0.769375
0.820625
0.76875
0.81625
0.76875
0.77
0.769375
0.769375
0.81875
0.76875
0.769375
0.769375
0.769375
0.769375
0.769375
0.77
0.915
0.769375
0.769375
0.769375
0.769375
0.769375
0.769375
0.769375
1.05062
0.76875
0.769375
0.769375
1.24812
0.77
0.769375
0.8225
0.76875
0.769375
0.769375
0.769375
0.769375
0.769375
0.81875
0.769375
0.769375
0.769375
0.77
0.77
0.77
0.77
0.818125
0.76875
0.769375
0.77
0.769375
0.77
0.769375
0.769375
0.8175
0.76875
0.769375
0.769375
0.769375
0.769375
0.77
0.769375
0.85
0.814375
0.76875
0.77
0.769375
0.769375
0.769375
0.816875
0.76875
0.77
0.769375
0.769375
0.769375
0.77
0.769375
0.816875
0.76875
0.769375
0.77
0.769375
0.77
0.769375
0.929375
0.85125
0.769375
0.769375
0.77
0.77
0.769375
0.769375
0.8175
0.76875
0.769375
0.769375
0.76875
