5.734
5.443
5.198
5.284
5.295
5.247
5.332
5.217
5.452
5.305
5.398
5.458
5.438
5.434
5.421
5.486
5.428
5.430
5.438
5.442
5.457
5.437
5.440
5.421
5.454
5.448
5.440
5.451
5.444
5.421
5.448
5.439
5.441
5.412
5.219
5.236
5.261
5.356
5.290
5.210
5.187
5.355
5.241
5.324
7.109
8.339
5.732
5.590
5.409
5.406
5.399
5.449
5.654
5.392
5.360
5.288
5.286
5.310
5.471
5.291
5.317
5.296
5.687
5.348
5.308
5.364
5.328
5.296
5.299
5.371
5.301
5.302
5.319
5.366
5.421
5.372
5.354
5.545
5.401
5.270
5.368
5.409
5.272
5.257
5.512
5.210
5.270
5.542
5.248
5.281
5.308
5.328
5.187
5.369
5.220
5.422
5.466
5.210
5.211
5.346
