2.353
2.367
2.341
2.372
2.345
2.338
2.348
2.322
2.343
2.338
2.380
2.338
2.343
2.345
2.322
2.350
2.329
2.350
2.340
2.332
2.345
2.338
2.331
2.355
2.338
2.350
2.319
2.332
2.347
2.336
2.355
2.352
2.325
2.332
2.345
2.347
2.364
2.337
2.349
2.327
2.341
2.361
2.342
2.352
2.335
2.343
2.360
2.371
2.339
2.321
2.313
2.552
2.322
2.236
2.255
2.263
2.250
2.306
2.468
2.278
2.242
2.229
2.309
2.282
2.329
2.239
2.277
2.234
2.310
2.414
2.282
2.229
2.241
2.274
2.474
2.234
2.234
2.266
2.252
2.240
2.299
2.269
2.237
2.244
2.281
2.349
2.279
2.285
2.283
2.278
2.295
2.322
2.284
2.287
2.279
2.304
2.284
2.306
2.287
2.287
