6.640
6.522
5.814
5.337
5.941
5.483
5.618
5.309
5.478
5.479
5.248
5.254
5.546
5.676
5.342
5.591
5.865
5.306
5.481
5.254
5.303
5.306
5.526
5.291
5.618
5.646
5.295
5.239
5.299
5.534
5.293
5.566
5.362
5.372
5.839
5.559
5.473
5.423
5.429
5.423
5.382
5.429
5.429
5.463
5.420
5.411
5.521
6.251
5.336
5.509
5.384
5.476
5.376
5.381
5.383
5.397
5.384
5.397
5.524
5.388
5.391
5.392
5.424
5.388
5.334
5.378
5.380
5.380
5.574
5.486
5.384
5.383
5.332
5.379
5.426
5.387
5.388
5.388
5.384
5.379
5.372
5.414
5.380
5.388
5.387
5.466
5.388
5.380
5.336
5.389
5.383
5.496
5.481
5.386
5.388
5.334
5.327
5.422
5.372
5.386
