0.849136
0.83716
0.837654
0.832222
0.831852
0.821358
0.831728
0.831852
0.821235
0.831975
0.831728
0.821235
0.850864
0.872099
0.834938
0.821481
0.831481
0.832099
0.821358
0.831358
0.83716
0.824321
0.84321
0.832469
0.832222
0.821235
0.831111
0.831605
0.83
0.831975
0.832593
0.835679
0.831852
0.848025
0.821481
0.83321
0.832099
0.821481
0.831728
0.840864
0.821358
0.831728
0.831481
0.85716
0.822963
0.832099
0.831728
0.83037
0.831728
0.832222
0.821975
0.831605
0.831975
0.821358
0.831605
0.859259
0.82963
0.845062
0.83358
0.821111
0.831975
0.831728
0.830741
0.821605
0.831481
0.832099
0.821728
0.851358
0.833333
0.831852
0.831358
0.841358
0.855926
0.832963
0.833333
0.821728
0.831728
0.857778
0.821235
0.831358
0.831358
0.821111
0.831481
0.831481
0.845679
0.821358
0.845556
0.83321
0.821728
0.831358
0.834074
0.826667
0.84284
0.831358
0.821235
0.831481
0.831481
0.821235
0.831111
0.857284
