1.32906
1.34781
1.34469
1.36375
1.34125
1.36922
1.41281
1.34406
1.34641
1.33031
1.34969
1.34859
1.35844
1.34984
1.34813
1.34719
1.33047
1.37469
1.36297
1.34781
1.34672
1.34797
1.36953
1.34531
1.33141
1.38203
1.34781
1.37719
1.35234
1.37984
1.34781
1.35219
1.35984
1.32937
1.34813
1.35
1.35172
1.34328
1.35719
1.37656
1.38625
1.33953
1.34703
1.38328
1.34875
1.35031
1.34438
1.34266
1.34703
1.34672
1.34875
1.35656
1.35141
1.34984
1.34641
1.35922
1.36641
1.33187
1.34828
1.34859
1.36234
1.34781
1.34531
1.37641
1.35203
1.32953
1.37766
1.34703
1.34422
1.34609
1.34641
1.35688
1.34344
1.33234
1.39891
1.34672
1.35141
1.36281
1.34844
1.34906
1.34703
1.33141
1.36094
1.36062
1.35312
1.3525
1.37891
1.34656
1.38156
1.33406
1.34719
1.37344
1.34719
1.36203
1.34828
1.34656
1.34859
1.34219
1.35328
1.36062
