1.03812
1.13125
1.33375
1.24687
1.21125
1.15375
1.26687
1.21437
1.13062
1.15437
1.62938
1.01687
0.9575
0.958125
0.958125
1.10312
1.1025
1.00687
0.95875
0.958125
0.958125
0.95875
0.958125
1.00875
1.1025
0.9575
0.958125
0.959375
0.958125
1.00687
1.1025
1.03438
0.958125
0.958125
0.95875
1.1075
1.10187
0.956875
0.958125
0.958125
0.95875
1.00625
1.1025
0.958125
0.959375
0.96
1.32062
1.00687
0.958125
0.9575
0.958125
0.958125
0.9575
1.18875
1.1025
0.9575
0.95875
0.958125
0.958125
1.00687
1.1025
1.10375
1.10312
1.10312
1.10312
1.00562
1.1025
1.10312
1.2025
1.42063
1.00687
1.1025
1.10438
1.10187
1.10312
1.15437
0.95875
1.10312
1.1025
1.10375
1.1025
1.24313
1.10312
0.958125
0.95875
0.958125
0.95875
1.00937
1.1025
1.10312
1.10312
1.10187
1.1525
0.95875
1.10312
1.10312
1.10312
1.1025
1.02563
1.1025
