1.31306
1.32
1.31139
1.34278
1.4625
1.3225
1.41556
1.55694
1.48056
1.55722
1.50861
1.46778
1.49472
1.4175
1.3425
1.30306
1.42417
1.39778
1.57611
1.49667
1.56333
1.33667
1.30917
1.36694
1.31861
1.32889
1.30333
1.30778
1.345
1.31222
1.36861
1.46556
1.39333
1.36333
1.37222
1.34806
1.36917
1.33417
1.36806
1.34806
1.36556
1.33667
1.36583
1.37528
1.37333
1.34833
1.3625
1.34056
1.36083
1.34861
1.36194
1.38972
1.39389
1.34444
1.36944
1.345
1.36389
1.35111
1.35611
1.34639
1.40278
1.36472
1.36889
1.34278
1.35833
1.34722
1.37556
1.35
1.36056
1.35
1.3825
1.41944
1.37
1.34639
1.385
1.35139
1.36167
1.34056
1.37444
1.38639
1.36694
1.34194
1.36389
1.34139
1.37111
1.34389
1.37056
1.33333
1.36583
1.34111
1.40444
1.38833
1.37028
1.34028
1.37278
1.34444
1.38361
1.33278
1.36
1.33917
