0.942593
0.954568
0.952963
1.01321
1.09716
1.09827
0.939012
0.962716
1.01259
1.02506
1.08654
1.0979
0.939383
0.950864
0.986296
1.02802
1.09235
1.09778
0.939136
0.956049
0.955802
1.03988
1.09728
1.09802
0.939383
0.950864
0.972222
1.09765
1.08235
1.09827
0.94037
1.01691
0.975432
1.00728
1.07568
1.09852
0.941111
0.951358
0.968889
1.11679
1.05889
1.09778
0.952099
0.941481
0.960247
1.01778
1.13926
1.09815
0.951111
0.95
0.963457
1.01235
1.08025
1.09815
0.940123
0.961605
0.952963
0.952346
1.10346
0.962469
0.965556
0.954074
0.956049
1.14568
1.09926
0.94037
1.01617
0.951975
0.964444
1.08741
1.0979
0.949877
0.956049
0.951852
0.953333
1.16383
0.962222
0.939877
0.950617
0.952099
1.09222
1.04074
0.939506
0.950864
0.954815
1.12
1.11654
0.974938
0.941728
0.951358
0.952469
1.07519
1.03667
0.940617
0.963704
0.954321
1.0484
1.0979
0.960864
0.94037
