0.9036
0.7544
0.7536
0.9492
1.076
0.7508
0.7512
0.7516
0.7512
0.8452
0.7508
0.7512
0.7516
0.7512
0.8984
0.7508
0.7512
0.7512
0.7516
0.8976
0.7512
0.7516
0.7512
0.7512
0.8988
0.7508
0.7516
0.7512
0.7512
0.8988
0.7508
0.7512
0.7512
0.7512
0.9248
0.7512
0.7512
0.7516
0.7512
0.8976
0.7512
0.7512
0.7512
0.7516
0.8972
0.7512
0.7516
0.7516
0.7512
0.9504
0.7508
0.7516
0.9064
0.8652
1.0244
0.7508
0.7516
0.7512
0.7512
0.8976
0.7508
0.7512
0.7516
0.7512
1.0236
0.7508
0.7512
0.7512
0.8452
0.8156
0.8076
0.7512
0.7516
0.8984
0.7508
0.7512
0.7512
0.7512
0.8976
0.7512
0.7512
0.7512
0.7512
0.898
0.7512
0.7512
0.7516
0.7512
0.8964
0.7512
0.7512
0.7516
0.7516
0.8976
0.7508
0.7512
0.7512
0.7512
0.898
0.7512
