1.0437
1.0233
1.0126
1.0133
1.0517
1.0921
1.0982
1.0197
1.0754
1.0362
1.0796
1.0749
1.0172
1.0135
1.0132
1.0695
1.0172
1.0493
1.0136
1.1443
1.0245
1.0231
1.0127
1.0296
1.0876
1.0194
1.0264
1.0412
1.0121
1.041
1.0137
1.0217
1.011
1.0123
1.1043
1.0186
1.0522
1.0278
1.0433
1.013
1.0136
1.0198
1.0139
1.0134
1.0547
1.0542
1.0424
1.012
1.0411
1.013
1.0509
1.0145
1.0281
1.052
1.0203
1.0119
1.0406
1.0132
1.0476
1.0208
1.013
1.0116
1.0123
1.076
1.0362
1.0722
1.0595
1.0377
1.0463
1.0377
1.0377
1.0367
1.0532
1.0387
1.036
1.036
1.0364
1.0444
1.0455
1.0366
1.0523
1.049
1.0431
1.0372
1.0363
1.0372
1.0371
1.0378
1.0372
1.0392
1.0385
1.0513
1.0363
1.0364
1.0358
1.06
1.0404
1.0465
1.0362
1.036
