0.7874
0.7859
0.8035
0.8465
0.7739
0.7846
0.7839
0.7918
0.784
0.773
0.8161
0.7845
0.7845
0.786
0.8318
0.7835
0.8244
0.784
0.7842
0.7736
0.7833
0.799
0.7905
0.7848
0.7733
0.7838
0.7837
0.7979
0.8371
0.7815
0.7845
0.7836
0.7837
0.8125
0.7877
0.7845
0.8022
0.7836
0.7835
0.7736
0.7975
0.8226
0.7845
0.8314
0.7744
0.7864
0.7858
0.7835
0.7844
0.7816
0.7833
0.7839
0.784
0.8763
0.7741
0.785
0.7913
0.7844
0.798
0.7733
0.7885
0.912
0.8124
0.7918
0.7844
0.773
0.8249
0.7845
0.7928
0.7848
0.7742
0.784
0.7841
0.8271
0.791
0.7737
0.8213
0.806
0.8482
0.7934
0.7744
0.7841
0.7838
0.7842
0.7841
0.7929
0.7838
0.7842
0.7835
0.7843
0.7817
0.8047
0.7894
0.8294
0.7857
0.7747
0.8073
0.7842
0.7846
0.7842
