0.7832
0.7834
0.7733
0.8548
0.7828
0.7824
0.7892
0.7727
0.8359
0.7823
0.8679
0.7884
0.7864
0.776
0.7955
0.8358
0.7843
0.7831
0.7746
0.7817
0.7826
0.783
0.7737
0.7806
0.7821
0.7829
0.7975
0.8081
0.7745
0.7904
0.8235
0.7846
0.784
0.7738
0.7825
0.782
0.7975
0.7733
0.7822
0.7821
0.8443
0.7835
0.7746
0.7816
0.7825
0.7992
0.7829
0.7736
0.7817
0.7903
0.8247
0.7835
0.8118
0.7744
0.7838
0.7874
0.7825
0.7733
0.782
0.7833
0.7833
0.8026
0.7738
0.7825
0.7959
0.8387
0.7834
0.7827
0.7819
0.7821
0.8231
0.7824
0.7745
0.7823
0.7898
0.7825
0.782
0.7796
0.8133
0.7828
0.7904
0.782
0.7738
0.7953
0.7827
0.7824
0.8019
0.7732
0.7814
0.7823
0.8549
0.7853
0.7851
0.7839
0.7832
0.7826
0.7828
0.7742
0.7895
0.7813
