2.381
2.374
2.344
2.361
2.331
2.378
2.339
2.383
2.337
2.392
2.340
2.380
2.387
2.357
2.400
2.367
2.341
2.334
2.353
2.335
2.332
2.387
2.362
2.410
2.340
2.353
2.341
2.359
2.337
2.333
2.332
2.398
2.343
2.355
2.391
2.338
2.336
2.334
2.379
2.339
2.410
2.337
2.339
2.351
2.335
2.336
2.354
2.380
2.351
2.336
2.335
2.336
2.382
2.335
2.337
2.334
2.348
2.356
2.338
2.354
2.383
2.336
2.333
2.332
2.348
2.361
2.355
2.341
2.337
2.361
2.339
2.356
2.334
2.378
2.347
2.312
2.282
2.297
2.303
2.377
2.286
2.298
2.281
2.301
2.283
2.336
2.311
2.285
2.282
2.295
2.280
2.283
2.311
2.388
2.285
2.350
2.285
2.283
2.283
2.282
