3.404
3.280
3.254
3.197
3.159
3.247
3.180
3.198
3.168
3.217
3.235
3.255
3.247
3.267
3.271
3.252
3.235
3.264
3.297
3.248
3.244
3.261
3.306
3.246
3.249
3.269
3.290
3.253
3.242
3.259
3.266
3.259
3.278
3.262
3.258
3.208
3.090
3.162
3.176
3.104
3.126
3.103
3.356
3.121
3.112
3.140
3.181
3.156
3.137
3.129
3.303
3.139
3.146
3.155
3.169
3.110
3.126
3.126
3.222
3.129
3.097
3.401
3.295
3.170
3.244
3.157
3.357
3.140
3.148
3.142
3.235
3.170
3.135
3.103
3.206
3.240
3.173
3.142
3.274
3.270
3.133
3.148
3.162
3.179
3.118
3.158
3.109
3.188
3.140
3.097
3.134
3.162
3.138
3.128
3.093
3.221
3.143
3.105
3.122
3.261
