4.923
4.763
4.786
4.751
4.806
4.933
4.784
4.747
4.752
4.747
4.751
4.802
5.102
5.132
5.051
5.085
5.096
5.069
5.049
5.089
5.047
5.117
5.148
5.050
5.052
5.053
5.112
5.054
5.104
5.105
5.077
5.053
5.054
5.075
5.038
5.086
5.106
5.131
5.043
5.066
5.117
5.042
5.036
5.040
5.094
5.042
5.036
5.117
5.084
5.087
5.055
5.161
5.120
5.038
5.045
5.102
5.040
5.040
5.076
5.067
5.111
5.050
5.172
5.163
5.051
5.088
5.080
5.053
5.130
5.084
5.080
5.048
5.052
5.087
5.058
5.099
5.154
5.053
5.126
5.048
5.080
5.050
5.081
5.152
5.052
5.054
5.080
5.309
5.054
5.078
5.078
5.083
5.129
5.052
5.086
5.048
5.066
5.035
5.128
5.093
