0.770625
0.859062
0.866563
0.926562
0.830156
0.766875
0.7525
0.766719
0.849219
0.768281
0.763281
0.766563
0.752188
0.766875
0.752031
0.866094
0.890938
0.811719
0.889531
0.811875
0.865469
0.872188
0.7975
0.769531
0.914219
0.82
0.767813
0.752031
0.766563
0.752188
0.766875
0.796406
0.836719
0.8925
0.767344
0.885
0.7675
0.752031
0.767188
0.752031
0.85875
0.751719
0.766719
0.752031
0.766719
0.752031
0.766875
0.763281
0.766719
0.752188
0.766406
0.751875
0.867656
0.752031
0.767813
0.851875
0.752188
0.766719
0.763437
0.767813
0.752031
0.752031
0.793438
0.752031
0.766406
0.752188
0.767656
0.79625
0.791719
0.752969
0.752188
0.751875
0.766719
0.752031
0.766563
0.878594
0.752344
0.7675
0.752188
0.777656
0.7525
0.751875
0.765938
0.752031
0.846094
0.767656
0.752969
0.768125
0.763281
0.754219
0.752344
0.751719
0.788438
0.7525
0.767188
0.859688
0.752656
0.766719
0.763281
0.767031
