5.164
4.518
4.512
4.515
4.559
4.564
4.772
4.726
4.509
4.514
4.540
4.508
4.514
4.552
4.514
4.694
4.537
4.509
4.546
4.510
4.542
4.715
4.564
4.724
4.520
4.509
4.553
4.560
4.508
4.509
4.512
4.548
4.722
4.545
4.509
4.706
4.509
4.558
4.507
4.506
4.545
4.771
4.509
4.508
4.542
4.541
4.508
4.546
4.507
4.843
4.537
4.510
4.508
4.546
4.556
4.522
4.508
4.527
4.736
4.617
4.627
4.592
4.620
4.658
4.603
4.591
4.653
4.663
4.611
4.601
4.677
4.590
4.625
4.590
4.620
4.617
4.592
4.655
4.653
4.625
4.606
4.591
4.620
4.623
4.646
4.590
4.592
4.633
4.590
4.602
4.660
4.672
4.592
4.621
4.602
4.624
4.672
4.593
4.592
4.621
