1.42481
1.16111
1.14333
1.02815
1.02642
1.05346
1.12889
1.02951
1.03025
1.1037
1.14284
1.0263
1.01593
1.13469
1.02568
1.02593
1.04728
1.24494
1.10198
1.14074
1.16346
1.09531
1.18099
1.02185
1.03691
1.0263
1.0263
1.09296
1.1642
1.14543
1.14864
1.03519
1.01531
1.04679
1.02716
1.09864
1.10395
1.12309
1.04691
1.09691
1.02407
1.02531
1.02679
1.02642
1.07951
1.1479
1.0263
1.01543
1.02531
1.02741
1.05383
1.14074
1.14704
1.18605
0.958148
0.949383
0.950123
0.950988
1.06951
1.09679
0.94
0.975926
0.949753
1.00062
1.0937
1.0958
0.94
0.959012
0.971975
1.0379
1.09556
1.09679
0.949136
1.08519
0.954691
1.02444
1.06025
1.09691
0.939136
0.93963
0.949506
0.952099
1.09667
0.974938
0.939383
0.94963
1.02556
1.07704
1.09938
0.939753
0.950247
0.998642
1.01543
1.08012
0.98
0.939136
0.950617
0.950617
1.07432
1.15333
