1.11289
1.09818
1.10182
1.09661
1.0962
1.11017
1.13223
1.10438
1.09372
1.14661
1.11851
1.08479
1.09182
1.10347
1.11149
1.0924
1.08496
1.10339
1.11843
1.14901
1.22025
1.1143
1.09388
1.09273
1.08372
1.10174
1.09372
1.18488
1.12554
1.13273
1.08132
1.07793
1.08099
1.06545
1.0786
1.07107
1.09769
1.07909
1.19025
1.06471
1.15562
1.13678
1.08603
1.13017
1.07149
1.11017
1.07579
1.06628
1.06488
1.06826
1.07058
1.08669
1.0714
1.23041
1.08934
1.07835
1.06934
1.06083
1.07603
1.08901
1.06595
1.15769
1.07446
1.06388
1.06198
1.23066
1.10975
1.13397
1.23719
1.07124
1.06545
1.06405
1.07207
1.07868
1.06223
1.08322
1.1295
1.07942
1.07686
1.07273
1.07298
1.08289
1.08058
1.06744
1.06645
1.14744
1.06545
1.07264
1.16083
1.14901
1.07
1.07959
1.32926
1.13066
1.07207
1.08132
1.0686
1.06339
1.09413
1.09174
