1.00313
1.08031
1.02172
1.14844
1.15359
1.02
1.0025
1.04344
1.01594
1.00281
1.17047
1.01703
1.10688
1.00297
1.01516
1.10359
1.00547
1.01594
1.01609
1.00359
1.11984
1.01984
1.00234
1.06313
1.01859
1.00422
1.01547
1.01547
1.00266
1.03859
1.10187
1.00594
1.01578
1.03375
1.00297
1.015
1.01469
1.00266
1.01609
1.01469
1.03313
1.02094
1.06031
1.00438
1.09047
1.10953
1.00531
1.01578
1.01516
1.00281
1.01547
1.03609
1.00422
1.01547
1.02672
1.00234
1.015
1.01578
1.00313
1.01531
1.06734
1.02516
1.01625
1.01984
1.00359
1.015
1.00328
1.01609
1.07844
1.00344
1.01516
1.015
1.01484
1.015
1.03812
1.06109
1.03797
1.01594
1.00266
1.01578
1.02672
1.00313
1.01531
1.01484
1.00234
1.01656
1.01469
1.00359
1.03219
1.01453
1.0025
1.08
1.09641
1.00906
1.01656
1.01531
1.01406
1.03594
1.015
1.00266
