2.563
2.317
2.331
2.280
2.330
2.280
2.279
2.329
2.281
2.280
2.478
2.279
2.280
2.281
2.280
2.328
2.279
2.279
2.327
2.280
2.278
2.326
2.283
2.326
2.279
2.279
2.328
2.320
2.329
2.278
2.279
2.399
2.278
2.280
2.328
2.279
2.279
2.327
2.278
2.329
2.279
2.279
2.329
2.277
2.279
2.327
2.279
2.329
2.280
2.279
2.414
2.324
2.279
2.328
2.309
2.328
2.279
2.279
2.328
2.279
2.279
2.326
2.281
2.332
2.280
2.279
2.328
2.324
2.279
2.326
2.279
2.328
2.279
2.279
2.330
2.279
2.279
2.328
2.279
2.327
2.385
2.279
2.330
2.349
2.279
2.328
2.280
2.329
2.279
2.279
2.407
2.279
2.279
2.279
2.280
2.329
2.280
2.278
2.330
2.280
