5.951
5.701
5.766
5.748
5.757
5.433
5.704
5.744
5.685
5.512
5.473
5.603
5.550
5.508
5.629
5.601
5.645
5.808
5.529
5.404
5.550
5.283
5.367
5.555
5.623
5.579
5.338
5.517
5.587
5.439
5.438
5.429
5.443
5.664
5.462
5.555
5.402
5.678
5.524
5.390
5.486
5.629
5.689
5.294
5.632
5.346
5.585
5.587
5.331
5.670
5.303
5.553
5.456
5.608
5.278
5.545
5.526
5.759
5.498
5.308
5.426
5.442
5.474
5.515
5.476
5.303
5.709
5.251
5.250
5.591
5.351
5.580
5.880
5.569
5.388
8.406
6.438
5.452
5.518
5.208
5.641
5.443
5.279
5.407
5.525
5.565
5.635
5.568
5.333
5.639
5.419
5.278
5.429
5.543
5.615
5.512
5.473
5.391
5.515
5.517
