2.357
2.352
2.354
2.381
2.336
2.341
2.329
2.320
2.315
2.313
2.312
2.341
2.354
2.318
2.317
2.345
2.327
2.328
2.313
2.313
2.389
2.361
2.318
2.313
2.328
2.314
2.329
2.314
2.340
2.327
2.318
2.345
2.314
2.314
2.315
2.352
2.313
2.312
2.356
2.320
2.329
2.341
2.315
2.313
2.341
2.312
2.324
2.317
2.335
2.318
2.312
2.329
2.313
2.351
2.347
2.351
2.318
2.330
2.314
2.313
2.312
2.330
2.315
2.313
2.340
2.330
2.315
2.340
2.314
2.350
2.314
2.327
2.323
2.329
2.316
2.315
2.316
2.328
2.328
2.313
2.339
2.339
2.296
2.264
2.261
2.297
2.261
2.261
2.260
2.369
2.273
2.262
2.261
2.301
2.261
2.263
2.260
2.261
2.273
2.277
