5.358
5.139
5.122
5.172
5.182
5.122
5.191
5.124
5.144
5.189
5.153
5.132
5.160
5.153
5.139
5.152
5.168
5.133
5.192
5.150
5.149
5.152
5.184
5.143
5.144
5.142
5.124
5.156
5.137
5.135
5.145
5.151
5.139
5.169
5.132
5.134
5.150
5.153
5.191
5.145
5.155
5.134
5.149
5.137
5.152
5.173
5.133
5.124
5.177
5.051
5.015
5.072
5.027
5.038
5.051
5.007
5.091
5.098
5.012
5.024
5.019
5.090
5.005
5.043
5.022
5.019
5.077
5.013
5.034
5.011
5.044
5.073
5.004
5.043
5.013
5.139
5.306
5.075
5.025
5.013
5.273
5.326
4.984
4.998
5.085
5.021
4.991
4.947
5.095
4.903
4.947
5.066
4.971
5.048
4.999
4.920
5.105
4.947
4.944
4.912
