2.330
2.405
2.301
2.267
2.311
2.265
2.292
2.266
2.346
2.267
2.297
2.278
2.266
2.280
2.297
2.398
2.320
2.335
2.331
2.334
2.317
2.369
2.326
2.335
2.339
2.334
2.317
2.334
2.354
2.335
2.319
2.353
2.322
2.341
2.346
2.368
2.320
2.336
2.329
2.335
2.318
2.344
2.374
2.355
2.381
2.322
2.335
2.347
2.341
2.317
2.343
2.319
2.339
2.333
2.357
2.347
2.345
2.318
2.335
2.334
2.334
2.326
2.346
2.327
2.359
2.332
2.334
2.319
2.377
2.320
2.334
2.337
2.342
2.323
2.374
2.345
2.334
2.328
2.333
2.318
2.345
2.325
2.317
2.266
2.396
2.318
2.286
2.278
2.289
2.265
2.275
2.279
2.267
2.291
2.286
2.367
2.292
2.280
2.265
2.282
