2.518
2.403
2.311
2.441
2.368
2.303
2.304
2.270
2.303
2.270
2.302
2.304
2.269
2.303
2.270
2.330
2.270
2.302
2.314
2.270
2.305
2.329
2.302
2.304
2.270
2.304
2.271
2.303
2.271
2.358
2.302
2.329
2.304
2.269
2.303
2.270
2.330
2.302
2.270
2.373
2.270
2.302
2.302
2.270
2.303
2.270
2.331
2.271
2.269
2.303
2.270
2.302
2.271
2.303
2.341
2.301
2.416
2.268
2.304
2.270
2.270
2.303
2.270
2.302
2.270
2.378
2.303
2.270
2.302
2.270
2.302
2.271
2.302
2.373
2.300
2.302
2.270
2.304
2.304
2.270
2.354
2.271
2.303
2.301
2.302
2.303
2.270
2.302
2.270
2.304
2.370
2.270
2.330
2.271
2.302
2.270
2.302
2.304
2.270
2.303
