3.417
3.264
3.270
3.242
3.239
3.242
3.225
3.277
3.259
3.234
3.233
3.242
3.242
3.251
3.248
3.230
3.256
3.276
3.231
3.241
3.249
3.265
3.240
3.197
3.118
3.099
3.211
3.095
3.087
3.157
3.081
3.175
3.128
3.090
3.087
3.100
3.341
3.115
3.088
3.123
3.158
3.149
3.151
3.090
3.079
3.214
3.095
3.164
3.139
3.087
3.093
3.085
3.195
3.101
3.114
3.149
3.117
3.171
3.122
3.164
3.091
3.123
3.205
3.089
3.108
3.143
3.122
3.294
3.161
3.130
3.086
3.157
3.213
3.091
3.210
3.120
3.079
3.230
3.171
3.080
3.101
3.260
3.285
3.112
3.147
3.118
3.093
3.196
3.174
3.086
3.148
3.120
3.182
3.133
3.156
3.081
3.085
3.214
3.085
3.092
