0.9007
0.8984
0.9223
0.915
0.9062
0.9059
0.9004
0.8882
0.8965
0.9046
0.8967
0.8968
0.8966
0.8968
0.9208
0.8981
0.9178
0.8967
0.8874
0.9115
0.8955
0.8992
0.8977
0.898
0.897
0.906
0.8987
0.8975
0.9042
0.8869
0.8961
0.8973
0.8969
0.8969
0.9179
0.9095
0.9163
0.8986
0.9009
0.9076
0.8897
0.8874
0.896
0.8968
0.8965
0.904
0.8968
0.9044
0.8976
0.8962
0.9046
0.8871
0.9122
0.8962
0.8961
0.9178
0.8977
0.8975
0.9167
0.8983
0.8978
0.9035
0.8958
0.8866
0.8956
0.8967
0.9041
0.8964
0.9098
0.9143
0.8841
0.8767
0.9114
0.9163
0.8707
0.8978
0.8761
0.8769
0.8764
0.8758
0.9355
0.8769
0.877
0.8673
0.8753
0.8968
0.8745
0.8755
0.8764
0.8775
0.9636
0.8455
0.7992
0.8076
0.8077
0.8266
0.8056
0.8089
0.7978
0.8063
