2.398
2.305
2.315
2.260
2.266
2.502
2.290
2.288
2.320
2.283
2.368
2.289
2.273
2.342
2.286
2.324
2.340
2.313
2.301
2.285
2.302
2.343
2.318
2.276
2.403
2.354
2.334
2.335
2.318
2.326
2.309
2.333
2.327
2.327
2.336
2.323
2.318
2.324
2.330
2.323
2.335
2.322
2.353
2.318
2.317
2.340
2.317
2.333
2.310
2.319
2.344
2.318
2.327
2.330
2.342
2.325
2.321
2.343
2.317
2.327
2.318
2.318
2.326
2.325
2.343
2.341
2.323
2.319
2.325
2.318
2.326
2.318
2.341
2.351
2.354
2.340
2.334
2.323
2.318
2.342
2.265
2.349
2.276
2.267
2.296
2.257
2.274
2.265
2.273
2.323
2.275
2.276
2.266
2.278
2.269
2.333
2.267
2.284
2.314
2.274
