2.690
2.622
2.634
2.572
2.581
2.595
2.587
2.579
2.604
2.564
2.573
2.571
2.586
2.564
2.595
2.584
2.569
2.581
2.565
2.582
2.505
2.507
2.515
2.527
2.556
2.497
2.517
2.505
2.509
2.511
2.556
2.514
2.513
2.503
2.510
2.520
2.502
2.550
2.521
2.513
2.512
2.511
2.514
2.566
2.502
2.510
2.497
2.534
2.496
2.570
2.596
2.536
2.510
2.524
2.501
2.553
2.518
2.505
2.541
2.482
2.482
2.445
2.559
2.459
2.491
2.592
2.737
2.928
3.078
2.653
2.565
2.547
2.608
2.583
2.639
2.522
2.638
2.718
2.524
2.582
2.665
2.611
2.585
2.661
2.593
2.521
2.496
2.546
2.576
2.478
2.457
2.499
2.782
2.539
2.462
2.495
2.510
2.481
2.607
2.591
