3.332
3.242
3.238
3.237
3.237
3.285
3.236
3.272
3.251
3.238
3.237
3.264
3.391
3.238
3.240
3.237
3.318
3.291
3.237
3.241
3.268
3.238
3.263
3.257
3.238
3.346
3.236
3.262
3.276
3.234
3.235
3.237
3.234
3.320
3.239
3.235
3.234
3.237
3.306
3.235
3.235
3.234
3.317
3.234
3.257
3.256
3.233
3.255
3.236
3.263
3.253
3.237
3.298
3.234
3.234
3.258
3.270
3.234
3.256
3.280
3.277
3.239
3.234
3.234
3.234
3.255
3.399
3.249
3.235
3.254
3.234
3.283
3.234
3.264
3.234
3.234
3.249
3.278
3.234
3.252
3.234
3.259
3.268
3.258
3.248
3.277
3.234
3.234
3.270
3.233
3.234
3.258
3.272
3.247
3.234
3.234
3.283
3.258
3.236
3.234
