3.171
3.004
3.027
2.991
2.950
2.984
2.962
2.990
2.971
2.975
2.974
2.948
2.970
2.975
2.950
2.976
2.951
2.953
2.962
2.941
2.901
2.881
2.886
2.939
2.896
2.914
2.911
2.886
2.929
2.916
2.908
2.881
2.899
2.882
2.932
2.911
2.882
2.923
2.885
2.932
2.908
2.897
2.883
2.889
2.888
2.932
2.906
2.884
2.879
2.879
2.939
2.914
2.885
2.892
2.882
2.818
2.926
2.916
2.852
2.822
2.865
3.047
2.841
2.837
2.862
3.057
3.100
3.261
2.994
2.919
3.053
3.042
3.138
3.011
2.957
3.125
2.897
3.117
3.049
3.062
3.016
3.046
2.994
2.938
2.970
2.825
2.830
2.889
2.947
2.912
2.890
2.922
2.886
2.930
2.906
2.878
2.883
2.905
2.885
3.062
