0.814198
0.812099
0.798519
0.808395
0.808519
0.798148
0.903457
0.818395
0.798765
0.843457
0.808395
0.797901
0.807901
0.808519
0.798272
0.807901
0.845802
0.807778
0.808395
0.82716
0.798272
0.92679
0.811358
0.846049
0.798765
0.808025
0.822469
0.799012
0.808395
0.808642
0.798395
0.807778
0.808642
0.798519
0.817037
0.808889
0.863333
0.810617
0.808889
0.798642
0.865432
0.814938
0.836173
0.802963
0.853457
0.94679
0.820741
0.800864
0.808519
0.808765
0.81321
0.965432
0.811481
0.798765
0.808395
0.808642
0.799012
0.818765
0.809383
0.798519
0.808148
0.808765
0.798148
0.877778
0.83679
0.882593
0.813457
0.810247
0.798889
0.808642
0.808765
0.798395
0.81716
0.808642
0.798025
0.808272
0.808148
0.798272
0.811852
0.808519
0.888642
0.811358
0.809506
0.798765
0.809012
0.809383
0.798395
0.891975
0.810617
0.799259
0.808765
0.808642
0.798395
0.808395
0.808765
0.868765
0.809506
0.811852
0.798519
0.808148
