0.940408
1.01571
0.964286
1.01755
0.937755
0.954286
1.08592
1.05061
0.937755
0.954694
1.14408
1.01224
1.11551
1.01286
0.996531
0.983469
0.953061
1.05184
0.998163
1.03592
0.938776
1.13918
0.93898
0.955306
0.940408
0.953673
0.998163
1.11755
1.1302
1.03898
1.01245
0.938163
0.937755
0.954286
0.938776
1.01347
1.00163
0.954082
0.938163
0.95449
0.938571
0.953673
1.08551
1.04755
1.03122
1.06102
0.938367
1.06265
1.08776
1.01612
0.938163
0.95449
1.08571
0.95449
0.938367
0.967755
0.938367
0.954082
1.08571
0.953469
1.08592
0.954286
1.08592
0.953878
1.08592
0.953673
1.08551
1.06776
1.08755
0.955102
0.93898
0.955102
1.08571
0.953878
1.08571
0.981429
0.938163
0.977143
1.04347
0.972857
1.08592
1.03163
1.08592
0.953673
0.938163
0.953469
1.08571
1.03959
1.08571
0.967755
1.08571
0.95449
1.08245
0.954286
0.938163
1.09837
1.0351
0.954286
0.938163
1.09122
