3.187
2.960
2.933
2.966
2.982
2.965
2.963
2.930
2.966
2.945
2.962
2.950
2.944
2.988
2.958
2.946
2.941
2.974
2.975
2.953
2.947
2.952
2.955
2.957
2.976
2.989
2.945
2.941
2.958
2.958
2.965
2.958
2.941
2.944
2.951
2.949
2.941
3.001
2.959
2.943
2.943
2.943
2.944
2.958
2.953
2.968
2.940
2.940
2.944
2.941
2.978
2.947
2.930
2.966
2.940
2.859
2.818
2.863
2.839
2.828
2.802
2.820
2.850
2.834
2.894
2.830
2.801
2.851
2.803
2.830
2.801
3.008
2.816
2.811
2.809
2.848
2.841
2.803
2.970
2.812
2.928
2.897
2.829
2.802
3.038
2.827
3.069
2.865
2.856
2.845
2.811
2.868
2.888
2.871
2.809
2.822
2.866
2.849
2.936
2.819
