1.0092
1.0324
1.2812
1.0852
1.026
1.0208
1.1712
1.0084
1.0044
1.1236
1.2232
1.004
1.0312
1.0048
1.0084
1.0296
1.0236
1.2404
1.0252
1.0236
1.0044
1.0376
1.008
1.004
1.0044
1.0396
1.0084
1.0044
1.004
1.0396
1.004
1.004
1.2464
1.0088
1.008
1.0084
1.0408
1.008
1.0084
1.0084
1.04
1.0084
1.0388
1.0084
1.2956
1.13
1.004
1.098
1.0084
1.0084
1.008
1.1492
1.0144
1.0044
1.004
1.182
1.008
1.0044
1.0044
1.04
1.0084
1.008
1.1
1.0604
1.0372
1.0084
1.04
1.0084
1.0044
1.1956
1.0968
1.0084
1.0044
1.0044
1.0396
1.0084
1.0084
1.0368
1.0084
1.0044
1.0044
1.0364
1.0084
1.0044
1.004
1.0364
1.0084
1.0532
1.008
1.0352
1.0084
1.0084
1.0044
1.1504
1.0084
1.0084
1.0084
1.0368
1.0044
1.0044
