0.985102
1.11184
0.980612
0.99
0.977551
1.11102
1.03571
0.96
0.97898
0.959796
1.00898
1.11082
0.977755
0.959592
0.991837
0.960408
0.977551
1.11061
0.977347
1.02714
0.979592
0.960204
0.980612
1.11102
0.978571
0.960204
0.978367
1.11102
0.984694
0.962245
0.978163
1.11102
0.978367
0.960204
0.977959
1.11122
1.00633
0.96102
0.977551
1.02878
0.978776
0.959796
0.977755
1.11082
0.977551
0.959592
0.977755
1.12551
0.981633
0.959592
0.977143
0.96
0.977959
1.11102
0.977347
0.96
0.977347
1.11102
0.99449
1.01449
0.979184
0.959796
0.982245
1.11143
0.977959
0.96
0.997755
1.11082
1.07918
1.11143
0.982041
0.96
0.977143
0.960408
0.977551
0.959796
0.977755
0.959796
0.992653
1.00592
0.978571
1.11082
0.977755
0.959796
0.977755
1.11143
0.977755
0.96
0.978163
0.96
0.979592
1.11082
0.977143
1.11082
0.977143
0.96
0.996122
1.12102
0.995714
1.02449
