2.494
2.378
2.320
2.320
2.343
2.298
2.319
2.319
2.319
2.320
2.350
2.372
2.297
2.319
2.319
2.320
2.361
2.321
2.298
2.337
2.318
2.319
2.319
2.413
2.320
2.297
2.337
2.319
2.341
2.319
2.319
2.297
2.319
2.319
2.407
2.364
2.321
2.320
2.297
2.320
2.321
2.339
2.319
2.320
2.299
2.318
2.320
2.432
2.321
2.326
2.321
2.298
2.356
2.394
2.349
2.319
2.319
2.298
2.319
2.399
2.319
2.319
2.319
2.320
2.301
2.338
2.319
2.319
2.319
2.362
2.344
2.319
2.320
2.319
2.320
2.319
2.320
2.348
2.318
2.319
2.320
2.319
2.382
2.298
2.319
2.319
2.320
2.355
2.340
2.320
2.298
2.322
2.322
2.321
2.389
2.321
2.300
2.320
2.320
2.374
