3.562
3.353
3.368
3.310
3.323
3.346
3.322
3.306
3.363
3.323
3.295
3.402
3.329
3.313
3.339
3.329
3.313
3.373
3.311
3.301
3.413
3.365
3.324
3.329
3.305
3.378
3.370
3.325
3.332
3.317
3.294
3.362
3.289
3.211
3.235
3.391
3.316
3.216
3.241
3.291
3.261
3.232
3.224
3.230
3.292
3.270
3.214
3.222
3.244
3.311
3.272
3.240
3.237
3.243
3.294
3.262
3.238
3.277
3.241
3.371
3.647
3.573
3.368
3.574
3.315
3.407
3.367
3.403
3.757
3.342
3.282
3.433
3.353
3.414
3.398
3.380
3.217
3.200
3.311
3.180
3.206
3.240
3.160
3.239
3.272
3.186
3.382
3.632
3.362
3.319
3.286
3.258
3.296
3.349
3.309
3.274
3.325
3.292
3.281
3.336
