1.19091
1.08727
0.998182
1.08512
1.09942
0.996116
0.99281
1.00793
1.06909
0.998926
1.01942
0.995702
0.999256
1.0005
0.993471
0.992975
1.15364
1.01223
0.996281
0.994545
1.00033
1.04942
0.99719
0.993058
1.06306
1.0343
1.01835
1.03124
1.02149
1.06132
1.02008
1.01603
1.05355
1.02438
1.01562
1.01554
1.02281
1.02248
1.01521
1.02678
1.08074
1.05785
1.02033
1.01884
1.02314
1.01612
1.01579
1.0157
1.06074
1.01736
1.01636
1.02744
1.02967
1.01636
1.09645
1.0286
1.04058
1.01785
1.01702
1.02157
1.02281
1.01554
1.01521
1.03364
1.03587
1.01661
1.0219
1.05355
1.0276
1.02628
1.01628
1.01512
1.02843
1.02207
1.01529
1.02653
1.03066
1.01628
1.01595
1.01694
1.16132
1.02694
1.01587
1.03182
1.01736
1.01727
1.02298
1.03554
1.02438
1.01521
1.0219
1.02174
1.0595
1.02496
1.01802
1.0162
1.02174
1.02826
1.01579
1.03521
