3.197
3.114
3.042
3.065
3.033
3.019
3.064
3.029
3.017
3.003
3.028
3.008
3.010
3.034
3.017
2.988
3.018
2.982
2.935
2.925
2.945
2.933
2.923
2.973
2.933
2.930
2.926
2.944
2.970
2.923
2.930
2.940
2.911
2.954
2.972
2.924
2.934
2.931
2.915
3.070
2.960
2.938
2.922
2.918
3.020
2.961
2.952
2.933
2.915
2.922
2.995
2.944
2.885
2.855
2.881
2.987
3.053
2.922
2.940
2.858
2.981
2.924
2.909
2.854
2.885
2.944
3.001
2.897
2.919
2.881
2.860
2.984
2.958
2.869
2.890
2.878
2.892
3.102
3.131
3.223
3.004
2.981
3.064
2.950
3.002
2.994
2.941
3.188
3.003
2.994
3.029
2.993
2.976
3.197
3.011
2.990
2.954
2.952
2.971
2.991
