0.9205
0.8897
0.9137
0.9605
0.8933
0.8849
0.8852
0.9384
0.887
0.8854
0.8483
0.9127
0.895
0.9153
0.9414
0.8856
0.8867
0.8844
0.8841
0.891
0.8465
0.883
0.913
0.8844
0.9273
0.9375
0.8181
0.8172
0.8045
0.7791
0.8155
0.8267
0.8155
0.8441
0.7788
0.8152
0.8335
0.8526
0.795
0.7877
0.7793
0.7868
0.8003
0.7878
0.8452
0.7792
0.8431
0.7879
0.8179
0.7945
0.8671
0.7793
0.7868
0.7878
0.7872
0.7987
0.7782
0.7867
0.8174
0.7872
0.8282
0.7871
0.8408
0.7882
0.8348
0.7885
0.7795
0.7949
0.7868
0.7871
0.8524
0.7788
0.7867
0.817
0.8773
0.7882
0.7878
0.7789
0.7867
0.8001
0.7976
0.8152
0.7792
0.8169
0.9787
0.8308
0.8754
0.8275
0.825
0.8155
0.8239
0.8313
0.8238
0.824
0.8321
0.8153
0.8237
0.838
0.8308
0.8241
