0.966562
0.978437
1.15437
0.963125
1.00969
1.04125
0.963437
0.975781
1.13672
0.963125
0.975313
1.12516
0.963281
0.975625
1.12563
0.975781
0.975313
1.125
0.962812
0.975313
1.02641
0.978281
1.00937
0.962656
0.976406
0.998281
0.963125
0.975781
1.12563
0.974844
0.975469
1.125
0.962812
0.993437
1.12437
0.995625
0.98875
0.975625
0.962969
0.975
1.12531
0.962812
0.975313
1.03062
0.975625
0.975781
1.11172
0.975313
0.996719
1.14359
0.975469
0.979375
1.11219
0.976719
0.976406
1.11234
0.987812
0.975938
1.11172
0.975
0.975781
0.962031
0.975625
0.9875
0.962969
0.974844
1.02656
0.963437
0.975
1.12938
0.962969
0.996406
1.125
0.962344
0.975625
1.11391
1.09937
0.975156
1.12437
0.962344
0.974844
0.971875
0.990469
1.02609
1.08656
0.953438
0.95375
1.08656
0.953281
0.981406
0.940937
0.953125
1.09953
0.941094
0.973906
1.09922
1.03219
0.95875
1.13953
1.01391
