0.881875
0.88125
0.881875
0.935625
0.881875
0.881875
0.8825
0.8825
0.8825
0.881875
0.93375
0.881875
0.8825
0.8825
0.881875
0.881875
0.883125
0.93125
0.881875
0.881875
0.881875
0.883125
0.8825
0.881875
0.97875
0.88125
0.8825
0.8825
0.881875
0.881875
0.93125
0.881875
0.881875
0.881875
0.8825
0.8825
0.8825
0.93125
0.881875
0.881875
0.8825
0.881875
0.881875
0.881875
0.930625
0.88125
0.881875
0.8825
0.881875
0.8825
0.8825
0.929375
0.88125
0.881875
0.8825
0.8825
0.88125
0.93125
1.04812
0.966875
0.881875
0.8825
0.8825
0.883125
0.93125
0.881875
0.8825
0.8825
0.8825
0.8825
0.8825
0.93125
0.88125
0.881875
0.8825
0.881875
1.11625
0.958125
0.805
0.803125
0.80375
0.80375
0.80375
0.80375
1.11563
0.803125
0.80375
0.80375
0.803125
0.803125
0.80375
0.898125
0.885625
0.80375
0.80375
0.803125
0.80375
0.80375
0.803125
1.03125
