0.886
0.8808
0.984
0.88
0.8808
0.8808
0.9128
0.8804
0.8808
1.2668
0.9132
0.8804
0.8808
0.8812
0.8808
0.9128
0.8804
0.8808
0.8812
0.9128
0.8804
0.8808
0.8808
0.9124
0.8804
0.8812
0.8808
0.946
0.9652
0.8804
0.8808
0.8808
0.9124
0.8804
0.9284
0.8804
0.912
0.8804
0.8808
0.8808
0.8808
0.9124
0.948
0.8808
0.8808
0.9124
0.88
0.8808
0.8812
0.8812
0.9392
0.8808
1.0452
0.8808
0.912
0.8808
0.8808
0.8808
0.9124
0.8804
0.8808
0.8808
0.9128
0.8804
0.9944
0.8808
0.9104
0.9644
0.8804
0.8808
0.8808
0.9124
1.0064
0.8804
0.8808
0.9124
0.8804
0.8812
0.8808
0.8808
0.9136
0.8804
0.8808
0.8812
0.912
0.8808
0.8812
0.8812
0.9124
0.8804
0.8808
0.8808
0.8808
0.9128
0.8804
1.058
0.8808
1.1128
0.9008
0.9016
