0.776389
0.795556
0.795
0.772222
0.771667
0.771944
0.771667
0.771944
0.771944
0.793889
0.771667
0.771944
0.794167
0.771667
0.772222
0.771667
0.793889
0.771389
0.771944
0.793889
0.771667
0.771944
0.771667
0.793611
0.771667
0.771944
0.838056
0.845
0.921667
0.771667
0.808056
0.771667
0.771667
0.793889
0.771667
0.772222
0.871944
0.771667
0.771944
0.771667
0.794444
0.771667
0.771667
0.793889
0.771667
0.772222
0.771944
0.793889
0.771667
0.771944
0.794722
0.771667
0.792222
0.7725
0.793611
0.771944
0.771944
0.836944
0.771944
0.771944
0.771944
0.794167
0.913333
0.771667
0.880833
0.771389
0.771944
0.793889
0.771667
0.771944
0.771944
0.895
0.771389
0.771667
0.793611
0.771389
0.771667
0.772222
0.794167
0.771667
0.771944
0.875278
0.771667
0.771667
0.771667
0.794167
0.771667
0.771667
0.794167
0.771667
0.771667
0.8025
0.793056
0.771667
0.771944
0.793611
0.8825
0.771667
0.880556
0.771667
