3.486
3.290
3.275
3.253
3.233
3.314
3.254
3.244
3.260
3.255
3.240
3.274
3.295
3.243
3.268
3.232
3.260
3.248
3.239
3.257
3.299
3.234
3.251
3.270
3.271
3.266
3.242
3.269
3.258
3.279
3.326
3.374
3.266
3.252
3.240
3.261
3.257
3.251
3.251
3.210
3.181
3.205
3.196
3.181
3.168
3.178
3.166
3.234
3.211
3.176
3.174
3.168
3.210
3.167
3.254
3.193
3.158
3.177
3.212
3.183
3.227
3.159
3.186
3.165
3.168
3.186
3.227
3.182
3.171
3.167
3.171
3.181
3.240
3.190
3.165
3.170
3.168
3.199
3.163
3.109
3.204
3.141
3.269
3.139
3.351
3.520
3.287
3.179
3.535
3.126
3.317
3.936
3.388
3.492
3.123
3.129
3.202
3.106
3.084
3.157
