0.853611
0.852222
0.851389
0.851111
0.850833
0.875278
0.851389
0.851111
0.874722
0.850833
0.850833
0.875
0.850556
0.851111
0.874444
0.850556
0.851111
0.875278
0.850833
0.850833
0.850833
0.934722
0.850833
0.851389
0.874444
0.850833
0.937222
0.875278
0.850556
0.851111
0.874444
0.850278
0.851389
0.875
0.850833
0.851111
0.874444
0.850833
0.850833
0.916944
0.851389
0.850833
0.875
0.850833
0.851111
0.871667
0.874167
0.850833
0.851111
0.875
0.850556
0.850833
0.874167
0.851111
0.851111
0.874167
0.850556
0.850833
0.945833
0.850833
0.851111
0.874722
0.850833
0.851111
0.851111
0.874722
0.850556
0.850833
0.875556
0.850278
0.851389
0.874722
0.850556
0.851111
0.874444
0.850556
0.850833
0.874167
0.850833
0.850833
0.875278
0.850556
0.851111
0.851111
0.930556
0.850556
0.851111
0.912222
0.851111
0.921389
0.877222
0.850833
0.851111
0.874167
0.850833
0.851111
0.874722
0.850833
0.851111
0.875278
