2.357
2.373
2.332
2.460
2.326
2.341
2.339
2.324
2.339
2.417
2.331
2.322
2.380
2.323
2.431
2.420
2.334
2.333
2.338
2.323
2.445
2.365
2.339
2.374
2.305
2.345
2.287
2.318
2.335
2.330
2.271
2.290
2.298
2.274
2.267
2.314
2.298
2.288
2.293
2.267
2.267
2.304
2.313
2.277
2.312
2.275
2.294
2.270
2.337
2.276
2.301
2.275
2.268
2.285
2.268
2.324
2.271
2.293
2.277
2.281
2.267
2.265
2.335
2.287
2.286
2.276
2.276
2.268
2.288
2.306
2.302
2.270
2.287
2.338
2.268
2.275
2.323
2.293
2.274
2.274
2.266
2.278
2.274
2.321
2.270
2.294
2.269
2.275
2.266
2.295
2.322
2.269
2.287
2.267
2.279
2.268
2.294
2.324
2.285
2.279
