0.886198
0.890496
0.882562
0.882066
0.914545
0.90686
0.887107
0.881488
0.940413
0.882066
0.881405
0.94405
0.882893
0.883388
0.913636
0.881157
0.881818
0.929835
0.881157
0.882066
0.880661
0.88157
0.935124
0.880579
0.881074
0.930826
0.974215
0.886033
0.88405
0.88876
0.880909
0.881488
0.880992
0.881157
0.886777
0.930661
0.882727
0.882645
0.899504
0.880744
0.922727
0.88281
0.881983
0.887686
0.925041
0.882314
0.889174
0.890331
0.880661
0.881074
0.880826
0.881322
0.899174
0.917273
0.882149
0.921405
0.892231
0.893554
0.884298
0.883058
0.888264
0.881736
0.905455
0.895702
0.883388
0.892975
0.896446
0.882231
0.881157
0.919339
0.895785
0.882975
0.918926
0.889008
0.881901
0.880909
0.880992
0.887521
0.881405
0.880661
0.899421
0.921736
0.881074
0.882479
0.913306
0.887603
0.881405
0.881653
0.881488
0.887438
0.911405
0.888926
0.881074
0.897851
0.880909
0.881322
0.890331
0.880661
0.880909
0.950331
