0.899184
0.906735
0.932041
0.877347
0.893878
0.876735
0.938776
0.906939
0.877143
0.893469
0.876531
0.893673
0.876735
0.893265
0.877551
1.04286
0.876735
0.877143
0.909388
0.876939
0.951633
0.876531
0.893878
0.876939
0.893673
0.876735
0.877143
0.893265
0.877143
0.893265
0.876939
0.893265
0.876735
0.893469
0.877347
0.892245
0.981429
0.984694
0.954286
0.876735
0.893673
0.876735
0.981429
0.877347
0.893469
0.876735
0.876939
0.893469
0.876735
0.91551
0.876939
0.893469
0.876735
0.893469
0.876735
0.877143
0.893469
0.876735
0.893469
0.887551
1.02551
0.876735
0.893469
0.876939
0.892449
0.956122
0.876735
0.893469
0.876939
0.919592
0.876939
0.894082
0.876735
0.876939
0.893265
0.892041
0.893265
0.876531
1.01429
0.877143
0.893673
0.876735
1.06918
0.877143
0.877143
0.876939
0.899592
0.954694
0.876939
0.893265
0.876735
0.893673
0.876531
0.893469
0.876735
0.876939
0.893673
0.876735
0.908776
0.876939
