1.1564
1.1924
1.1532
1.1532
1.1508
1.3616
1.1584
1.1628
1.1976
1.1612
1.1572
1.1952
1.1604
1.16
1.1616
1.1948
1.1608
1.1592
1.198
1.1616
1.1588
1.1948
1.21
1.162
1.1584
1.1952
1.1604
1.1596
1.1952
1.1608
1.1592
1.1924
1.1612
1.1604
1.162
1.2632
1.1624
1.1588
1.3208
1.16
1.1584
1.1968
1.1592
1.16
1.162
1.1924
1.1608
1.1912
1.1968
1.1596
1.1612
1.196
1.1616
1.1604
1.1612
1.1948
1.1596
1.1596
1.1956
1.1608
1.1592
1.194
1.1604
1.16
1.1612
1.1944
1.1612
1.162
1.226
1.16
1.1584
1.2748
1.1652
1.1608
1.1596
1.1948
1.1604
1.1592
1.1972
1.1604
1.1616
1.1956
1.1588
1.1592
1.1608
1.2488
1.1588
1.1616
1.244
1.16
1.16
1.1948
1.1596
1.1608
1.16
1.1936
1.1612
1.1584
1.1972
1.1584
