2.644
2.635
2.617
2.594
2.717
2.607
2.659
2.577
2.755
2.623
2.598
2.602
2.684
2.579
2.585
2.599
2.661
2.581
2.589
2.592
2.650
2.580
2.589
2.578
2.588
2.655
2.579
2.590
2.473
2.529
2.551
2.467
2.460
2.619
2.521
2.946
2.497
2.550
2.472
2.498
2.789
2.481
2.745
2.649
2.649
2.599
2.634
2.551
2.540
2.585
2.689
2.537
2.635
2.554
2.544
2.663
2.543
2.606
2.486
2.542
2.524
2.570
2.548
2.517
2.538
2.528
2.568
2.542
2.525
2.522
2.524
2.543
2.559
2.518
2.512
2.518
2.583
2.514
2.519
2.525
2.511
2.561
2.533
2.520
2.514
2.521
2.529
2.543
2.523
2.517
2.542
2.527
2.557
2.492
2.456
2.513
2.498
2.520
2.515
2.514
