2.718
2.468
2.451
2.471
2.451
2.753
2.577
2.431
2.448
2.450
2.452
2.618
2.452
2.556
2.532
2.491
2.533
2.453
2.467
2.451
2.450
2.451
2.639
2.639
2.452
2.450
2.532
2.614
2.469
2.429
2.451
2.452
2.473
2.652
2.453
2.452
2.452
2.451
2.579
2.431
2.450
2.907
2.453
2.470
2.630
2.453
2.450
2.448
2.503
2.531
2.451
2.430
2.451
2.451
2.450
2.739
2.451
2.547
2.612
2.453
2.538
2.452
2.449
2.452
2.452
2.484
2.463
2.583
2.566
2.566
2.566
2.565
2.585
2.564
2.541
2.566
2.564
2.662
2.564
2.566
2.566
2.600
2.568
2.566
2.564
2.565
2.584
2.565
2.579
2.566
2.544
2.586
2.564
2.566
2.565
2.567
2.595
2.598
2.580
2.561
