0.8013
0.7843
0.7739
0.7829
0.7829
0.7906
0.7827
0.8386
0.784
0.8286
0.7846
0.7839
0.7746
0.79
0.7832
0.7835
0.7833
0.7743
0.7828
0.797
0.8409
0.8049
0.784
0.7742
0.7826
0.7831
0.7827
0.7741
0.7897
0.8235
0.7829
0.7833
0.8555
0.7754
0.7836
0.7922
0.7833
0.7739
0.7733
0.7825
0.7823
0.7828
0.794
0.7819
0.7825
0.8294
0.7832
0.774
0.7902
0.8264
0.7837
0.7847
0.7751
0.7746
0.7833
0.7906
0.7964
0.7822
0.7817
0.7833
0.7832
0.7825
0.7818
0.7833
0.7833
0.7832
0.7832
0.775
0.8347
0.7872
0.8576
0.7861
0.7759
0.7735
0.7823
0.8069
0.783
0.7738
0.7817
0.7825
0.7826
0.7831
0.8213
0.7818
0.7844
0.783
0.7834
0.7942
0.8246
0.7845
0.7833
0.7834
0.774
0.7897
0.7965
0.8432
0.7829
0.7748
0.7907
0.7828
