0.821389
0.790833
0.790278
0.814167
0.825278
0.789167
0.789444
0.859722
0.789444
0.789444
0.814444
0.856667
0.808611
0.828333
0.806944
0.798056
0.799722
0.824444
0.791667
0.788611
0.823889
0.823333
0.901389
0.876944
0.771389
0.769167
0.895278
0.971389
0.775833
0.798056
0.884722
0.772778
0.769167
0.862222
0.886389
0.848889
0.87
0.768889
0.848611
0.849722
0.834167
0.769444
0.881111
0.791111
0.975556
0.859444
0.794444
0.768889
0.768889
0.769167
0.790833
0.788889
0.768889
0.790556
0.768611
0.769167
0.768889
0.836944
0.768889
0.768889
0.790833
0.768889
0.768889
0.768889
0.959167
0.931111
0.895
0.966389
0.775278
0.858056
0.8325
0.774444
0.896944
0.908056
0.898611
0.776389
1.00833
0.934167
0.778611
0.930278
0.776667
0.9
0.801111
0.778333
0.909444
0.798333
0.8075
0.811111
0.775556
0.934444
0.815833
0.773056
0.804167
0.910556
0.795833
0.801389
0.912222
0.778056
0.846944
0.775278
