0.960625
1.1025
0.958125
1.10312
1.10312
1.1025
1.1025
1.15312
0.95625
1.10312
1.1025
1.10312
1.10375
1.03812
1.1025
1.10375
1.10312
1.10312
1.15312
0.958125
1.10438
1.10312
1.10312
1.10312
1.0775
1.08875
1.10187
1.10312
1.10312
1.1025
1.00875
1.10187
1.10312
1.10375
1.1025
1.29563
1.3125
1.10563
1.10312
1.10312
1.15375
0.9575
1.1025
1.10312
1.10312
1.10375
1.02375
1.1025
1.10312
1.10312
1.10312
1.15312
0.958125
1.60062
0.9575
1.10375
1.08125
1.10438
0.979375
0.980625
0.98125
0.98
0.981875
1.03313
0.980625
0.98
0.98125
0.98125
0.98
1.03188
1.12813
0.980625
0.98125
0.98
0.981875
1.14125
0.98125
0.9825
0.98
0.980625
0.98125
1.03188
0.981875
0.980625
0.980625
0.980625
0.979375
1.08062
1.12813
0.98
0.98
0.98
1.02687
1.03188
0.979375
0.980625
0.98125
0.98125
0.98
1.03062
