3.256
3.224
3.171
3.223
3.170
3.223
3.169
3.281
3.169
4.060
3.570
3.169
3.223
3.528
3.221
3.171
3.223
3.169
3.223
3.543
3.221
3.169
3.224
3.170
3.264
3.169
3.221
3.584
3.172
3.221
3.174
3.223
3.170
3.220
3.169
3.312
3.170
3.264
3.170
3.457
3.169
3.220
3.169
3.221
3.171
3.221
3.516
3.169
3.219
3.170
3.342
3.170
3.220
3.171
3.220
3.171
3.221
3.170
3.221
3.169
3.222
3.169
3.264
3.169
3.303
3.472
3.308
3.172
3.224
3.221
3.721
3.223
3.216
3.219
3.170
3.219
3.171
3.219
3.988
3.581
3.614
3.356
3.304
3.171
3.781
3.610
3.404
4.436
3.161
3.219
3.159
3.494
3.159
3.208
3.160
3.208
3.160
3.209
3.160
3.508
