3.549
3.243
3.298
3.269
3.286
3.284
3.252
3.333
3.255
3.294
3.238
3.238
3.345
3.255
3.243
3.252
3.281
3.288
3.269
3.247
3.256
3.251
3.248
3.274
3.240
3.266
3.270
3.281
3.261
3.240
3.274
3.258
3.243
3.265
3.245
3.285
3.254
3.167
3.218
3.166
3.175
3.178
3.365
3.387
3.168
3.214
3.165
3.178
3.170
3.166
3.434
3.261
3.420
3.230
3.195
3.185
3.180
3.165
3.456
3.220
3.209
3.167
3.178
3.167
3.179
3.271
3.230
3.166
3.191
3.174
3.167
3.165
3.164
3.247
3.204
3.179
3.165
3.192
3.167
3.184
3.167
3.267
3.168
3.167
3.201
3.166
3.182
3.167
3.197
3.238
3.167
3.175
3.167
3.177
3.174
3.186
3.189
3.368
3.185
3.176
