3.027
3.066
2.963
2.966
2.997
2.947
2.997
3.076
3.027
3.043
3.029
3.034
3.056
3.035
3.031
3.043
3.043
3.019
3.035
3.082
3.071
3.024
3.038
3.050
3.016
3.006
3.000
3.005
3.021
3.006
2.988
3.009
3.016
3.009
2.981
2.851
2.915
2.888
2.870
2.852
2.882
5.087
4.346
4.190
4.648
3.437
3.453
3.175
3.265
3.210
3.292
3.228
3.152
3.299
3.194
3.017
3.351
3.160
3.066
3.031
3.026
3.028
3.031
2.996
3.016
2.996
3.006
3.004
3.005
3.005
3.007
2.999
2.997
3.004
3.002
2.995
2.998
3.000
3.019
3.014
3.013
3.019
3.017
3.038
3.004
3.007
2.989
2.978
2.990
2.956
2.951
2.988
2.933
2.936
2.930
2.997
2.961
3.021
2.929
3.094
