1.05306
1.0249
1.04959
1.02816
1.04898
1.0749
1.02796
1.06694
1.02878
1.09224
1.02898
1.05286
1.02816
1.04898
1.02776
1.04776
1.02776
1.04816
1.02776
1.04878
1.04327
1.05102
1.02755
1.04878
1.02776
1.04857
1.02776
1.07061
1.06755
1.06612
1.04857
1.02776
1.06327
1.02796
1.04837
1.02776
1.04796
1.02755
1.09102
1.02878
1.04878
1.02755
1.04531
1.02755
1.07408
1.02776
1.04857
1.02776
1.0951
1.03571
1.02408
1.00469
1.02469
1.00163
1.02388
1.01857
1.04388
1.0049
1.02469
1.00449
1.02531
1.00204
1.02408
1.00469
1.02735
1.01918
1.0249
1.14265
1.00531
1.09816
1.2098
1.02245
1.00449
1.02429
1.00429
1.13735
1.00449
1.0249
1.00429
1.02204
1.00408
1.02041
1.00449
1.0198
1.00143
1.05388
1.00429
1.14245
1.00143
1.02184
1.00449
1.02265
1.00122
1.02143
1.00143
1.03673
1.00102
1.02408
1.00122
1.02204
