1.01438
1.065
1.00875
1.00875
1.00875
1.00875
1.105
1.48562
1.01375
1.00812
1.18375
1.0075
1.24875
1.19375
1.28625
1.27563
1.00812
1.05937
1.00812
1.0075
1.0075
1.0075
1.00687
1.05937
1.01313
1.0125
1.0125
1.0125
1.00812
1.15562
1.01313
1.0075
1.01812
1.01812
1.16125
1.09563
1.00812
1.0075
1.0075
1.0075
1.05563
1.01313
1.00812
1.0075
1.0075
1.00812
1.05625
1.0125
1.0075
1.0075
1.13312
1.01063
1.055
1.01313
1.0075
1.0075
1.00812
1.0075
1.055
1.0075
1.0075
1.0075
1.0075
1.00812
1.05688
1.34125
1.0075
1.0075
1.00812
1.0075
1.01313
1.0125
1.01313
1.0125
1.0075
1.05688
1.01313
1.0075
1.0075
1.0075
1.0075
1.05625
1.0125
1.0125
1.0075
1.00812
1.0075
1.05563
1.0125
1.0075
1.00812
1.00812
1.00812
1.05563
1.0125
1.01313
1.05812
1.0075
1.00812
1.055
