2.696
2.561
2.553
2.506
2.664
2.636
2.876
2.592
2.551
2.509
2.510
2.505
2.510
2.551
2.648
2.507
2.722
2.612
2.509
2.508
2.507
2.724
2.528
2.484
2.508
2.621
2.679
2.599
2.534
2.560
2.517
2.514
2.514
2.516
2.623
2.516
2.721
2.489
2.515
2.514
2.513
2.515
2.514
2.514
2.533
2.553
2.513
2.530
2.513
2.484
2.531
2.513
2.732
2.514
2.512
2.511
2.513
2.561
2.699
2.579
2.575
2.611
2.572
2.544
2.593
2.573
2.573
2.572
2.587
2.612
2.574
2.571
2.572
2.573
2.576
2.623
2.573
2.612
2.570
2.596
2.565
2.576
2.574
2.571
2.571
2.573
2.602
2.572
2.575
2.573
2.587
2.594
2.572
2.608
2.572
2.543
2.621
2.570
2.572
2.573
