0.78875
0.786875
0.7875
0.7875
0.7875
0.8525
0.7875
0.7875
0.788125
0.786875
0.7875
0.7875
0.955625
1.07125
1.0675
0.7875
0.786875
0.7875
0.788125
0.85
0.7875
0.788125
0.7875
0.786875
0.7875
0.7875
1.02812
0.7875
0.786875
0.788125
0.788125
0.883125
0.868125
0.974375
0.786875
1.06563
1.27563
0.874375
0.7875
0.965625
0.850625
0.786875
0.786875
0.965
0.7875
0.7875
0.881875
1.1075
0.786875
0.7875
0.786875
0.7875
0.788125
0.996875
1.01687
0.88375
1.05438
0.7875
0.788125
0.7875
0.788125
0.848125
0.788125
0.7875
0.7875
0.7875
0.7875
0.786875
0.846875
0.786875
0.7875
0.7875
0.7875
0.7875
0.786875
0.7875
0.8475
0.786875
0.786875
0.786875
0.7875
1.07937
0.786875
0.843125
0.7875
0.7875
0.788125
0.786875
0.968125
0.881875
0.92875
0.965625
0.7875
0.7875
0.96625
0.7875
0.786875
1.1175
0.788125
0.788125
