2.644
2.695
2.605
2.565
2.584
2.565
2.558
2.578
2.619
2.570
2.618
2.568
2.558
2.578
2.577
2.555
2.578
2.580
2.583
2.620
2.612
2.565
2.602
2.578
2.565
2.587
2.587
2.591
2.618
2.586
2.570
2.568
2.601
2.587
2.569
2.572
2.560
2.596
2.585
2.568
2.573
2.566
2.566
2.581
2.562
2.569
2.594
2.562
2.573
2.573
2.565
2.569
2.578
2.560
2.595
2.584
2.565
2.580
2.570
2.568
2.593
2.579
2.570
2.579
2.580
2.561
2.608
2.578
2.632
2.610
2.561
2.561
2.581
2.556
2.600
2.595
2.568
2.610
2.571
2.558
2.589
2.567
2.554
2.598
2.570
2.559
2.590
2.564
2.585
2.569
2.566
2.567
2.595
2.491
2.452
2.594
2.460
2.455
2.453
2.470
