3.304
3.210
3.244
3.243
3.353
3.246
3.324
3.210
3.242
3.242
3.243
3.244
3.210
3.242
3.242
3.324
3.279
3.266
3.210
3.243
3.244
3.243
3.242
3.240
3.242
3.242
3.242
3.242
3.242
3.269
3.286
3.242
3.242
3.292
3.242
3.210
3.244
3.242
3.270
3.241
3.211
3.306
3.243
3.242
3.242
3.270
3.210
3.242
3.242
3.242
3.242
3.338
3.242
3.340
3.244
3.242
3.243
3.210
3.268
3.242
3.242
3.242
3.211
3.211
3.243
3.278
3.243
3.243
3.210
3.242
3.342
3.242
3.242
3.242
3.210
3.242
3.277
3.308
3.242
3.210
3.242
3.242
3.268
3.242
3.242
3.210
3.242
3.242
3.320
3.263
3.209
3.242
3.242
3.242
3.320
3.242
3.211
3.242
3.243
3.242
