6.146
5.107
5.099
4.980
5.098
4.983
5.060
4.984
5.108
5.008
4.970
4.988
5.074
5.068
5.009
4.984
5.016
5.092
4.983
5.074
4.995
5.195
4.970
5.005
4.971
5.167
5.112
5.114
5.087
5.115
5.086
5.140
5.114
5.132
5.101
5.103
5.110
5.103
5.139
5.104
5.114
5.116
5.088
5.115
5.124
5.404
5.131
5.089
5.131
5.089
5.143
5.111
5.142
5.101
5.103
5.101
5.140
5.101
5.103
5.124
5.128
5.088
5.145
5.089
5.141
4.952
4.896
4.860
4.970
4.993
4.981
4.931
4.933
5.054
4.901
4.858
4.945
4.971
4.946
4.860
4.970
4.933
4.952
5.333
4.932
4.931
4.906
4.899
4.846
4.955
5.046
4.930
4.922
4.943
4.935
4.909
4.985
4.920
4.919
4.900
