0.828906
0.887344
0.845781
0.865938
0.87875
0.864688
0.967187
0.913438
0.966719
0.932344
0.822187
0.954219
0.82375
0.877031
0.82125
0.876875
0.878437
0.831875
0.903281
0.821406
0.8775
0.821406
0.878125
0.821094
0.935312
0.878594
0.821406
0.875313
0.817344
0.924375
0.8475
0.8725
0.840313
0.839375
0.851875
0.840469
0.852187
0.839531
0.85125
0.839688
0.85125
0.84
0.850938
0.851875
0.839219
0.883281
0.840313
0.918281
0.84
0.851094
0.84
0.850625
0.87625
0.859844
0.852656
0.840625
0.862812
0.840156
0.852187
0.840313
0.852187
0.852344
0.840469
0.852031
0.840156
0.920312
0.859688
0.862031
0.840313
0.850781
0.852187
0.84
0.871875
0.840781
0.897031
0.839063
0.861719
0.839531
0.850625
0.852344
0.840156
0.896563
1.05187
1.0225
0.852656
0.840156
0.862031
0.840156
0.85125
0.838906
0.895781
0.84
0.8525
0.852969
0.840625
0.8525
0.86875
0.852031
0.841094
0.872344
