1.0528
1.0092
1.1496
1.0084
1.0532
1.0044
1.0044
1.124
1.008
1.008
1.008
1.2984
1.0084
1.0084
1.1296
1.0508
1.008
1.008
1.0084
1.0528
1.0084
1.0044
1.0484
1.0088
1.0084
1.0084
1.12
1.0084
1.0044
1.004
1.0456
1.008
1.004
1.0044
1.0512
1.008
1.0084
1.0084
1.0536
1.0084
1.0084
1.008
1.448
1.0044
1.0044
1.0484
1.008
1.0044
1.1568
1.1052
1.008
1.004
1.046
1.0084
1.0084
1.0376
1.0524
1.0084
1.0044
1.0044
1.046
1.0084
1.004
1.1268
1.1108
1.008
1.008
1.0044
1.0512
1.0044
1.004
1.046
1.0084
1.0084
1.008
1.05
1.008
1.0084
1.0044
1.0752
1.0084
1.0044
1.0044
1.0464
1.008
1.0044
1.0996
1.1068
1.0084
1.0044
1.0044
1.0512
1.0084
1.0044
1.0472
1.0084
1.0044
1.0044
1.0468
1.0084
