3.143
2.994
3.002
2.968
2.940
2.983
2.934
2.955
2.958
2.974
2.986
2.947
2.961
2.935
2.954
2.935
3.007
2.992
3.032
2.959
2.959
2.953
2.936
2.957
2.937
3.006
2.952
2.958
2.934
3.116
3.186
3.055
2.952
3.014
3.014
3.039
2.974
2.962
2.936
2.976
2.952
2.937
2.997
2.936
2.956
2.934
2.990
2.948
2.974
2.940
2.972
2.958
2.936
2.964
2.973
2.956
2.964
2.969
2.932
2.954
2.958
2.966
2.941
2.973
2.933
2.938
3.024
2.944
2.955
2.950
2.957
2.935
3.082
2.945
2.990
2.880
2.869
2.917
2.868
2.922
2.868
2.906
2.883
2.979
2.892
2.883
2.891
2.895
2.900
2.881
2.869
2.889
2.889
2.887
2.953
2.919
2.869
2.869
2.915
2.883
