7.130
6.759
6.619
6.903
6.791
6.923
6.511
6.727
6.730
6.775
6.680
6.705
6.630
6.804
6.752
6.775
6.627
6.701
6.546
6.322
6.634
6.689
6.481
6.460
6.443
6.705
6.640
6.712
6.326
6.844
6.406
6.564
6.702
6.634
6.382
6.849
6.685
7.188
6.492
6.694
6.643
6.704
6.743
6.938
6.833
6.641
6.651
6.721
6.472
6.575
6.882
6.658
6.746
6.599
6.794
6.926
6.853
6.008
6.760
6.546
6.884
6.716
6.743
6.628
6.738
6.673
6.651
6.529
6.591
6.576
6.712
6.617
6.649
6.404
6.800
6.679
6.727
6.669
7.025
6.797
6.768
6.639
6.904
6.579
6.601
6.488
6.553
6.896
6.521
6.541
6.692
6.598
6.260
6.531
7.008
6.646
6.969
6.575
6.772
5.965
