2.666
2.660
2.569
2.578
2.633
2.597
2.579
2.603
2.558
2.595
2.600
2.565
2.578
2.586
2.562
2.579
2.671
2.560
2.578
2.586
2.557
2.573
2.582
2.568
2.577
2.595
2.585
2.577
2.600
2.568
2.575
2.570
2.569
2.580
2.604
2.589
2.577
2.575
2.570
2.576
2.585
2.583
2.575
2.591
2.586
2.577
2.563
2.577
2.515
2.499
2.514
2.525
2.520
2.737
2.535
2.503
2.526
2.499
2.518
2.602
2.500
2.541
2.587
2.501
2.516
2.590
2.500
2.525
2.500
2.514
2.558
2.510
2.606
2.526
2.502
2.516
2.504
2.525
2.529
2.501
2.538
2.526
2.586
2.538
2.502
2.518
2.526
2.500
2.521
2.559
2.504
2.549
2.571
2.519
2.526
2.504
2.525
2.523
2.521
2.527
