3.498
3.086
3.242
3.296
3.248
3.277
3.242
3.243
3.230
3.262
3.382
3.233
3.243
3.227
3.266
3.274
3.299
3.244
3.257
3.227
3.273
3.229
3.268
3.243
3.254
3.264
3.227
3.243
3.278
3.243
3.305
3.236
3.261
3.279
3.281
3.249
3.249
3.243
3.243
3.241
3.247
3.267
3.257
3.271
3.227
3.257
3.228
3.253
3.265
3.228
3.245
3.242
3.268
3.279
3.241
3.243
3.227
3.257
3.243
3.238
3.300
3.228
3.289
3.242
3.228
3.257
3.243
3.179
3.183
3.169
3.186
3.215
3.166
3.169
3.154
3.169
3.183
3.154
3.170
3.200
3.249
3.180
3.191
3.169
3.154
3.195
3.154
3.169
3.168
3.169
3.367
3.180
3.169
3.154
3.190
3.154
3.170
3.220
3.154
3.169
