2.721
2.591
2.542
2.612
2.662
2.544
2.578
2.579
2.544
2.581
2.622
2.542
2.580
2.643
2.540
2.580
2.579
2.545
2.580
2.583
2.622
2.606
2.546
2.609
2.616
2.542
2.582
2.586
2.545
2.580
2.576
2.542
2.578
2.643
2.544
2.687
2.580
2.547
2.578
2.579
2.544
2.582
2.579
2.546
2.578
2.543
2.579
2.581
2.544
2.601
2.699
2.544
2.580
2.578
2.545
2.579
2.617
2.547
2.612
2.580
2.542
2.580
2.581
2.542
2.580
2.682
2.544
2.582
2.546
2.582
2.582
2.544
2.582
2.580
2.544
2.578
2.579
2.546
2.579
2.611
2.574
2.661
2.579
2.609
2.586
2.580
2.545
2.610
2.579
2.543
2.586
2.582
2.544
2.608
2.544
2.578
2.731
2.542
2.582
2.580
