3.171
2.895
2.994
2.875
2.905
2.866
2.867
2.956
2.859
2.966
2.873
2.870
2.922
3.022
2.945
2.935
2.934
2.935
2.950
2.946
2.960
2.935
2.963
2.961
2.947
2.937
3.008
2.944
2.960
2.948
2.934
2.965
2.935
2.947
2.984
3.013
2.964
2.936
2.966
2.953
2.951
2.934
2.984
2.979
2.974
2.947
2.934
2.932
2.936
2.974
2.935
2.958
2.935
2.936
2.947
2.949
2.935
2.935
2.933
2.985
2.948
2.943
2.935
2.947
2.935
2.932
2.903
2.949
2.904
2.869
2.868
2.887
2.857
2.858
2.867
2.886
2.942
2.869
2.895
2.857
2.868
2.876
2.867
2.897
2.925
2.868
2.868
2.880
2.869
2.883
2.868
2.896
2.875
2.917
2.883
2.869
2.867
2.878
2.875
2.873
