0.815455
0.814793
0.841074
0.816694
0.82876
0.814298
0.813636
0.810579
0.90405
0.812479
0.822562
0.823471
0.829174
0.818182
0.816281
0.820496
0.810826
0.810248
0.808595
0.809008
0.80876
0.814793
0.831322
0.814132
0.81281
0.811983
0.832727
0.811074
0.810413
0.81
0.800992
0.807438
0.818017
0.800661
0.802893
0.800496
0.807438
0.800413
0.799504
0.799091
0.800165
0.811736
0.815207
0.800992
0.800413
0.827107
0.81405
0.804215
0.801901
0.799669
0.799339
0.805868
0.816612
0.8
0.800909
0.799669
0.821488
0.801157
0.798843
0.799504
0.799008
0.806198
0.800744
0.818264
0.801157
0.801653
0.809669
0.799174
0.799091
0.799091
0.799008
0.816777
0.798843
0.815372
0.792479
0.799669
0.805455
0.798595
0.807273
0.800909
0.799174
0.805289
0.799669
0.804298
0.799835
0.809421
0.799504
0.811488
0.800331
0.799421
0.805289
0.799504
0.799008
0.805372
0.801157
0.807934
0.800496
0.8
0.800413
0.800083
