0.777188
0.815937
0.772813
0.881719
0.77
0.781875
0.769062
0.825313
0.769062
0.782031
0.769531
0.781875
0.769219
0.781563
0.769219
0.782031
0.769062
0.826719
0.780625
0.781875
0.769687
0.783281
0.860469
0.781563
0.769062
0.785469
0.769062
0.835156
0.782031
0.77
0.813125
0.769375
0.781719
0.769219
0.78125
0.769219
0.78125
0.769375
0.78125
0.769219
0.781094
0.769062
0.852031
0.769531
0.781094
0.769375
0.781406
0.769219
0.781406
0.769219
0.781094
0.769219
0.782031
0.769375
0.78125
0.769062
0.78125
0.769062
0.827187
0.769219
0.800469
0.842656
0.824844
0.769531
0.78125
0.769062
0.78125
0.769219
0.78125
0.769062
0.781406
0.769062
0.781875
0.786094
0.78125
0.769375
0.781406
0.769219
0.781406
0.769062
0.78125
0.826094
0.781563
0.768906
0.781406
0.769219
0.781563
0.769062
0.781563
0.769219
0.897344
0.770312
0.795
0.769219
0.781563
0.769062
0.781406
0.769062
0.781563
0.769062
