0.967037
1.01741
0.984074
1.00123
1.12333
0.974938
0.962346
0.973333
1.12148
1.04963
0.976296
0.997654
0.96321
1.02346
1.00136
1.06988
1.00099
1.08531
0.962716
0.973333
0.974321
1.07926
0.99642
0.96284
1.0821
1.01827
0.990123
1.04988
0.991481
0.940864
1.02074
0.954321
0.953086
1.10259
0.960494
0.940123
0.949506
1.0242
0.954938
0.940864
0.951975
0.979877
0.953951
1.10111
0.952099
0.940247
0.952593
0.960123
1.11753
0.977284
1.38259
0.94037
0.953086
0.962716
1.02975
1.09321
1.10111
0.939877
0.959506
0.953951
1.03815
1.09457
1.13605
0.940247
0.965802
0.951235
0.972469
1.10049
0.951728
1.33185
0.958642
1.34827
0.951728
1.12185
1.04778
0.993086
1.0958
1.17753
0.960494
1.06642
0.964568
0.958272
1.04494
1.12222
0.975802
1.02296
1.06593
1.27765
0.961852
0.961358
1.07556
1.0984
0.939506
0.95
0.960617
1.0284
1.09185
1.03235
0.94037
0.959753
