0.930816
0.960816
0.78449
0.78449
0.865102
0.784286
0.863878
0.880204
0.952653
0.902245
0.990612
0.784286
0.78449
0.805306
0.843878
0.938776
0.871633
1.06959
0.949184
0.905918
0.784286
0.80551
0.843469
0.863673
0.910816
0.835306
0.784286
0.784286
0.804286
0.784082
0.804286
0.784082
0.78449
0.804082
0.798776
0.785714
0.813673
0.784286
0.83898
0.812857
0.863469
0.871224
0.858571
0.804898
0.784286
0.803673
0.784286
0.78449
0.803878
0.784082
0.833673
0.806939
0.784286
0.934694
0.784286
0.805306
0.784286
0.78449
0.804286
0.783878
0.864082
0.783878
0.784286
0.80551
0.783878
0.863061
0.911429
0.80449
0.784286
0.784082
0.804082
0.846327
0.80449
0.784286
0.78449
0.80449
0.784082
0.805306
0.783673
0.78449
0.818776
0.78449
0.784286
0.804286
0.784082
0.863469
0.783878
0.78449
0.831429
0.784082
0.86449
0.923061
0.929592
0.803673
0.825102
0.822449
0.801837
0.822653
0.802245
0.802245
