2.698
2.635
2.730
2.583
2.566
2.582
2.574
2.566
2.574
2.601
2.639
2.574
2.579
2.568
2.568
2.574
2.576
2.645
2.567
2.591
2.574
2.563
2.577
2.562
2.594
2.607
2.567
2.569
2.560
2.589
2.565
2.579
2.598
2.587
2.553
2.503
2.502
2.510
2.581
2.514
2.576
2.526
2.515
2.582
2.505
2.526
2.544
2.706
2.622
2.541
2.505
2.522
2.520
2.569
2.510
2.582
2.512
2.514
2.521
2.503
2.535
2.504
2.512
2.614
2.518
2.505
2.514
2.531
2.510
2.502
2.501
2.574
2.516
2.519
2.519
2.514
2.500
2.512
2.514
2.563
2.516
2.509
2.527
2.446
2.446
2.457
2.485
2.637
2.451
2.458
2.457
2.484
2.461
2.447
2.455
2.519
2.485
2.465
2.446
2.457
