3.016
3.338
2.857
2.994
2.949
2.993
2.490
2.738
2.671
3.069
2.658
2.668
2.538
2.848
2.541
2.493
2.911
2.499
2.487
2.542
2.492
2.726
2.491
2.491
2.542
2.494
2.655
2.538
2.542
2.494
2.492
2.540
2.489
2.543
2.491
2.491
2.545
2.492
2.908
2.491
2.809
2.491
2.998
2.589
2.493
2.541
2.493
2.902
2.491
2.492
2.542
2.494
2.729
2.492
2.688
2.544
2.492
2.546
2.494
2.544
2.611
2.667
2.623
2.493
2.883
2.487
2.901
2.494
2.492
2.538
2.493
2.905
2.495
2.493
2.688
2.494
2.968
2.487
2.545
2.493
2.492
2.543
2.489
2.542
2.489
2.640
2.492
2.493
2.819
2.539
2.544
2.494
2.494
2.543
2.494
2.543
2.491
2.491
2.622
2.491
