2.372
2.360
2.346
2.330
2.337
2.329
2.316
2.409
2.330
2.328
2.334
2.326
2.334
2.354
2.345
2.384
2.328
2.316
2.344
2.326
2.325
2.327
2.334
2.371
2.332
2.326
2.350
2.315
2.341
2.329
2.329
2.345
2.326
2.334
2.334
2.340
2.325
2.315
2.333
2.350
2.334
2.325
2.325
2.333
2.376
2.350
2.367
2.382
2.321
2.335
2.310
2.271
2.280
2.272
2.290
2.345
2.267
2.274
2.281
2.271
2.290
2.273
2.378
2.271
2.470
2.311
2.277
2.274
2.282
2.272
2.298
2.271
2.369
2.283
2.273
2.294
2.280
2.283
2.262
2.263
2.280
2.320
2.289
2.272
2.285
2.272
2.263
2.295
2.272
2.327
2.275
2.331
2.281
2.404
2.267
2.293
2.282
2.303
2.336
2.274
