0.784938
0.784198
0.771235
0.82
0.805432
0.820247
1.01
0.787901
0.774074
0.784444
0.782469
0.770741
0.782469
0.783086
0.770864
0.791358
0.770247
0.783333
0.78321
0.77037
0.859506
0.852346
0.772716
0.784198
0.783333
0.826173
0.784198
0.804074
0.771235
0.783333
0.78321
0.770864
0.78321
0.782593
0.770864
0.791728
0.86716
0.773333
0.783827
0.77037
0.783333
0.783086
0.77037
0.782593
0.843827
0.770988
0.783333
0.783457
0.770864
0.782593
0.799877
0.771358
0.867407
0.786173
0.771358
0.782593
0.770247
0.783457
0.783333
0.77037
0.791975
0.782716
0.770617
0.782593
0.782716
0.770247
0.782963
0.873704
0.782469
0.833951
0.78358
0.770988
0.782963
0.770247
0.800494
0.791852
0.770494
0.782346
0.783457
0.770494
0.782963
0.782099
0.770617
0.868272
0.802099
0.789012
0.800123
0.800494
0.788889
0.801111
0.81
0.788765
0.801358
0.788025
0.807778
0.801481
0.788889
0.818889
0.824198
0.789012
