0.801901
0.82595
0.800744
0.894628
0.789835
0.788843
0.931818
0.81595
0.793884
0.81405
0.789587
0.813719
0.789917
0.84719
0.789835
0.789917
0.789587
0.789091
0.794545
0.812893
0.788182
0.811653
0.826364
0.806033
0.788347
0.766198
0.765868
0.76595
0.764959
0.789504
0.770992
0.789835
0.76405
0.763884
0.814463
0.764876
0.75843
0.765289
0.776364
0.825041
0.791488
0.772314
0.790992
0.765785
0.81
0.776612
0.775041
0.765537
0.765455
0.764628
0.789835
0.764132
0.794545
0.775041
0.765207
0.90405
0.767273
0.768264
0.767521
0.759587
0.764463
0.789835
0.77405
0.78876
0.764132
0.79281
0.793058
0.806777
0.800331
0.813223
0.800248
0.800083
0.80843
0.801818
0.803884
0.800826
0.819008
0.807603
0.801074
0.801488
0.800661
0.809835
0.800826
0.800826
0.812975
0.800909
0.812066
0.800661
0.801983
0.803802
0.802314
0.808678
0.801488
0.815289
0.802231
0.807107
0.805702
0.794215
0.793388
0.799835
