1.01
1.07859
0.942969
1.01828
1.10062
0.94125
0.966406
1.08719
0.980625
0.954531
1.0875
0.954375
0.955469
0.941875
1.00422
1.10047
0.953438
1.02359
0.954531
1.08828
0.970156
1.1
1.08734
1.00469
0.954844
1.11953
0.954219
0.954531
0.942187
0.954531
1.08766
1.12078
1.04156
1.10062
0.941719
0.954844
1.09969
1.08719
1.02094
1.10094
1.0875
0.965625
0.954844
0.941562
0.954531
1.0875
1.09719
1.04422
0.941875
0.960938
0.954844
1.08766
0.954063
0.974375
0.941875
0.954688
0.954375
0.954063
0.953906
1.1
0.941719
1.03469
1.25781
1.08828
1.10047
0.955156
1.0875
0.954531
1.10047
0.941406
0.954063
1.10078
0.964844
0.968594
1.10062
0.942031
1.01453
1.15172
0.942187
0.981875
0.986719
0.942656
0.954375
1.08766
0.954688
0.955625
1.08813
1.05875
0.956094
1.08828
0.955625
0.954844
1.09594
1.01391
1.09453
0.953281
0.955625
0.954531
1.08766
0.975313
