1.11289
1.11521
1.08289
1.08223
1.08562
1.09372
1.11413
1.08719
1.09174
1.08388
1.08612
1.1
1.0814
1.08388
1.0776
1.1024
1.09669
1.09256
1.10537
1.10504
1.09802
1.08248
1.10438
1.09223
1.0886
1.09612
1.08926
1.07884
1.08694
1.14719
1.13942
1.00967
0.988512
0.989091
1.01628
1.0319
0.987438
0.989669
1.02777
0.99281
1.01215
0.99686
1.00298
0.994463
0.997934
0.992727
1.01132
1.01413
0.99314
0.998182
1.01165
1.01926
1.00479
1.00025
0.99281
1.00909
1.01289
0.991074
1.01826
0.989339
1.03322
0.987934
1.00826
1.00736
0.968099
0.99405
0.96686
0.973388
1.00289
0.976612
0.969008
0.989669
0.973306
0.977438
0.970165
0.991818
0.968182
0.979256
0.967686
0.966694
0.98281
0.96876
1.03901
0.982314
1.01207
0.982149
0.966033
0.981488
0.987355
0.969504
0.989421
0.972975
0.974711
0.966116
0.97843
1.0057
0.990579
0.978843
0.973636
0.969835
