2.632
2.660
2.600
2.602
2.601
2.592
2.601
2.591
2.597
2.580
2.574
2.592
2.593
2.568
2.583
2.575
2.576
2.592
2.564
2.588
2.565
2.577
2.588
2.579
2.571
2.571
2.590
2.578
2.587
2.573
2.572
2.577
2.581
2.567
2.607
2.527
2.520
2.549
2.523
2.514
2.529
2.527
2.512
2.559
2.523
2.521
2.523
2.519
2.505
2.563
2.616
2.653
2.811
2.665
2.542
2.522
2.568
2.535
2.512
2.509
2.515
2.498
2.566
2.515
2.513
2.505
2.512
2.507
2.546
2.531
2.513
2.508
2.511
2.498
2.519
2.679
2.543
2.530
2.511
2.509
2.508
2.571
2.574
2.530
2.547
2.539
2.528
2.567
2.517
2.521
2.552
2.527
2.507
2.528
2.562
2.518
2.542
2.523
2.514
2.520
