0.888926
0.899917
0.895455
0.880165
0.938347
0.884298
0.884793
0.938595
0.889669
0.945455
0.888017
0.881157
0.879421
0.929339
0.88
0.87876
0.891983
0.879339
0.884876
0.878678
0.878595
0.877934
0.946777
0.912727
0.880083
0.879917
0.879752
0.884463
0.878099
0.878182
0.890413
0.937934
0.879339
0.886364
0.879008
0.879174
0.884215
0.878843
0.911653
0.879835
0.947769
0.880826
0.879587
0.878678
0.897025
0.884711
0.87843
0.878347
0.879008
0.878926
0.923884
0.879339
0.879091
0.93124
0.887851
0.883471
0.889339
0.892893
0.880331
0.928347
0.879256
0.878843
0.879008
0.884793
0.878017
0.87876
0.879008
0.878182
0.952314
0.880165
0.879256
0.891736
0.884959
0.878595
0.87843
0.879421
0.888347
0.914463
0.878678
0.885537
0.878595
0.884463
0.91686
0.879587
0.879587
0.895785
0.919917
0.878843
0.879008
0.885041
0.878678
0.885537
0.878347
0.887025
0.878678
0.878264
0.884215
0.920661
0.882314
0.896446
