6.485
6.445
6.896
5.333
5.343
4.956
5.183
4.814
4.811
4.819
5.484
4.758
4.813
4.815
4.799
4.799
4.671
4.671
4.674
5.534
4.721
5.114
4.961
5.024
4.907
4.845
4.901
5.010
4.904
4.848
4.894
4.897
4.895
4.893
4.849
4.972
4.906
4.907
4.907
4.858
4.986
4.916
4.952
4.907
4.860
4.906
4.907
4.914
5.106
4.989
4.904
4.912
4.909
4.910
4.860
4.891
4.938
4.895
4.966
4.867
5.042
4.908
4.914
4.945
4.862
4.907
4.904
4.901
4.871
5.024
4.911
4.906
4.891
4.889
4.889
4.942
4.910
4.973
4.858
4.908
4.909
4.901
4.946
4.851
4.906
4.941
4.897
4.905
4.904
4.907
4.907
4.905
4.858
4.893
4.894
5.003
4.971
4.857
4.941
4.908
