1.02094
0.854062
0.862031
0.847656
0.906094
0.867031
0.860156
0.860313
0.846719
0.860938
0.847031
0.859844
0.847187
0.86
1.00078
0.849063
0.860781
0.929688
0.906563
0.859062
0.862031
0.846719
0.8675
0.860156
0.847031
0.88375
0.8475
0.860469
0.846875
0.915
0.872031
0.847031
0.859688
0.847344
0.859062
0.920625
0.905156
0.860625
0.977031
0.862031
0.865
0.860156
0.846875
0.859688
0.860469
0.847812
0.860469
0.846719
0.860469
0.847812
0.87
0.846719
0.882031
0.94375
0.843906
0.855938
0.843125
0.903281
0.846719
0.872031
0.84625
0.859219
0.859375
0.846719
0.858906
0.846094
0.859219
0.846875
0.858906
0.863906
0.859531
0.867188
0.846406
0.858906
0.846562
0.85875
0.846406
0.879219
0.858437
0.859531
0.858906
0.846406
0.858594
0.846562
0.858281
0.846406
1.51984
0.923438
0.939063
0.868906
0.843437
0.855938
0.855938
0.842812
0.855625
0.84375
0.871563
0.843281
0.855938
0.843437
