6.704
5.555
5.343
5.293
5.450
5.450
5.402
5.439
5.460
5.418
5.456
5.430
5.433
5.443
5.429
5.474
5.410
5.471
5.425
5.435
5.420
5.475
5.421
5.416
5.424
5.443
5.438
5.436
5.404
5.447
5.431
5.446
5.405
5.323
5.297
5.173
5.226
5.189
5.232
5.324
5.162
5.167
5.250
5.242
5.293
5.229
5.238
5.209
5.415
5.164
5.328
5.232
5.241
5.546
5.582
5.228
5.324
5.404
5.244
5.220
5.295
5.312
5.316
5.221
5.213
5.302
5.206
5.277
5.242
5.267
5.217
5.237
5.306
5.317
5.214
5.284
5.316
5.194
5.234
5.258
5.181
5.464
5.295
6.235
6.606
5.362
5.164
5.488
5.229
5.187
5.418
5.462
5.302
5.303
5.322
5.480
5.338
5.524
5.304
5.486
