2.370
2.443
2.348
2.328
2.326
2.329
2.394
2.340
2.332
2.329
2.326
2.324
2.337
2.337
2.351
2.342
2.333
2.328
2.366
2.390
2.357
2.351
2.356
2.341
2.428
2.366
2.359
2.368
2.334
2.323
2.323
2.361
2.363
2.389
2.353
2.359
2.341
2.347
2.331
2.343
2.355
2.408
2.334
2.334
2.355
2.326
2.326
2.331
2.354
2.377
2.343
2.331
2.342
2.356
2.325
2.327
2.339
2.325
2.368
2.332
2.330
2.344
2.330
2.343
2.323
2.362
2.356
2.370
2.328
2.359
2.326
2.325
2.323
2.338
2.333
2.392
2.331
2.299
2.279
2.299
2.273
2.309
2.270
2.286
2.389
2.290
2.276
2.273
2.459
2.302
2.300
2.279
2.302
2.344
2.281
2.283
2.275
2.325
2.272
2.273
