3.143
3.090
2.972
3.002
2.952
2.958
2.937
2.956
2.956
2.942
2.967
2.961
2.963
2.961
2.947
2.935
2.933
2.963
2.890
2.876
2.903
2.875
2.909
2.883
2.950
2.879
2.870
2.901
2.960
2.893
2.927
2.899
2.867
2.913
2.936
2.876
2.881
2.884
2.870
2.932
2.883
2.879
2.876
2.897
2.946
2.880
2.873
2.876
2.873
2.881
2.930
2.895
2.875
2.875
2.887
2.947
2.873
2.877
2.865
2.866
2.885
2.932
2.872
2.874
2.866
2.885
2.920
3.035
3.086
3.049
2.991
2.966
2.947
2.932
2.963
2.917
2.900
2.983
2.938
2.895
2.931
2.930
2.900
2.965
2.962
2.914
2.897
2.889
2.992
2.908
2.980
2.932
2.884
2.901
2.913
2.896
2.878
2.868
2.879
2.924
