0.896327
0.878367
0.937755
0.95102
0.876531
0.893061
1.03327
0.957755
0.876735
0.893061
0.876735
0.893469
0.876939
0.922857
0.876531
0.876735
0.908571
0.876735
0.893265
0.876531
0.977347
0.877755
0.892857
0.876939
0.876939
0.955306
0.876531
0.892857
0.95449
0.950612
0.877143
0.908367
0.876939
0.876735
0.893469
0.876735
0.953469
0.876735
0.893265
0.876735
0.893265
0.876939
0.876531
0.893469
0.876327
0.893265
0.899388
0.977551
0.876939
0.893469
0.876939
1.06592
0.876531
0.876531
0.893265
0.876735
0.953265
0.876531
0.892857
0.876531
0.893469
0.891429
0.876735
0.893469
0.876531
0.893061
0.876531
0.893061
0.876531
1.02939
0.876531
0.876939
0.907959
0.971224
0.952449
0.876327
0.892857
0.876531
0.893061
0.876735
0.876735
0.91898
0.876531
0.893469
0.899388
0.892653
0.876735
0.893469
0.876531
0.876735
0.893265
0.876327
0.957755
0.876735
0.894082
0.994286
0.894286
0.876735
0.893469
0.876735
