2.672
2.598
2.563
2.660
2.633
2.508
2.537
2.523
2.518
2.509
2.500
2.602
2.537
2.502
2.504
2.502
2.620
2.648
2.639
2.643
2.510
2.502
2.584
2.528
2.574
2.501
2.638
2.629
2.507
2.666
2.557
2.514
2.509
2.508
2.558
2.619
2.506
2.511
2.504
2.537
2.503
3.003
2.646
2.671
2.587
2.687
2.592
2.524
2.499
2.517
2.562
2.586
2.562
2.625
2.559
2.566
2.575
2.553
2.574
2.587
2.574
2.554
2.558
2.570
2.573
2.573
2.587
2.595
2.560
2.554
2.561
2.589
2.558
2.557
2.599
2.577
2.560
2.575
2.571
2.595
2.562
2.573
2.584
2.561
2.557
2.574
2.577
2.560
2.569
2.576
2.594
2.585
2.559
2.578
2.554
2.569
2.560
2.574
2.581
2.553
