5.268
5.069
5.103
4.983
5.153
5.028
5.189
5.242
5.261
5.231
5.215
5.242
5.229
5.239
5.218
5.226
5.223
5.244
5.209
5.255
5.220
5.215
5.226
5.240
5.222
5.468
5.145
5.034
5.196
5.008
5.069
5.060
5.069
5.015
5.085
5.059
5.113
5.052
5.469
5.112
5.016
5.227
5.064
5.043
5.070
5.146
5.097
5.140
5.119
5.095
5.140
5.119
5.101
5.133
5.132
5.096
5.173
5.113
5.097
5.140
5.110
5.173
5.167
5.681
5.688
5.520
5.843
5.278
5.264
5.171
5.094
5.503
6.420
6.216
6.060
5.626
5.367
5.276
5.152
5.164
5.232
5.150
5.242
5.271
5.295
5.268
5.278
5.282
5.284
5.280
5.293
5.280
5.293
5.309
5.266
5.290
5.362
5.272
5.291
5.291
