1.198
1.2692
1.1716
1.1688
1.2432
1.172
1.172
1.2264
1.1692
1.168
1.1688
1.2052
1.1712
1.1692
1.2016
1.2592
1.1716
1.2028
1.2908
1.1716
1.2052
1.172
1.1708
1.2836
1.3216
1.3364
1.3068
1.3768
1.3444
1.8016
1.3476
1.1708
1.204
1.2864
1.172
1.3184
1.2856
1.2828
1.5284
1.2856
1.2872
1.2052
1.1704
1.1708
1.3176
1.1704
1.2928
1.284
1.4508
1.2892
1.4552
1.168
1.1704
1.1716
1.2052
1.1704
1.17
1.204
1.17
1.2
1.2044
1.17
1.3828
1.1704
1.3188
1.4576
1.1684
1.1708
1.1696
1.1716
1.2024
1.1716
1.1712
1.43
1.1716
1.1708
1.2052
1.1716
1.1704
1.1716
1.254
1.1712
1.1704
1.2028
1.172
1.1696
1.2016
1.17
1.1708
1.1696
1.17
1.1724
1.17
1.202
1.3384
1.172
1.2032
1.17
1.1712
1.2056
