2.675
2.632
2.619
2.622
2.642
2.616
2.638
2.608
2.674
2.616
2.603
2.598
2.603
2.583
2.583
2.611
2.646
2.606
2.602
2.607
2.572
2.601
2.583
2.684
2.615
2.613
2.615
2.612
2.573
2.585
2.566
2.608
2.598
2.567
2.606
2.599
2.581
2.589
2.605
2.583
2.577
2.603
2.603
2.574
2.612
2.584
2.587
2.608
2.577
2.612
2.591
2.575
2.568
2.561
2.596
2.592
2.569
2.565
2.571
2.570
2.566
2.595
2.569
2.566
2.565
2.583
2.574
2.594
2.559
2.625
2.581
2.598
2.658
2.579
2.580
2.571
2.568
2.572
2.573
2.569
2.566
2.581
2.562
2.569
2.583
2.571
2.570
2.564
2.571
2.526
2.558
2.518
2.511
2.514
2.498
2.513
2.553
2.519
2.506
2.542
