5.103
4.724
4.724
5.001
5.064
5.159
5.080
5.049
5.109
5.065
5.071
5.071
5.050
5.105
5.133
5.156
5.070
5.068
5.093
5.066
5.071
5.129
5.055
5.058
5.090
5.084
5.059
5.075
5.059
5.090
5.093
5.049
5.062
5.088
5.058
5.055
5.089
5.034
5.099
5.080
5.056
5.072
5.085
5.045
5.125
5.070
5.121
5.089
5.061
5.034
5.079
5.057
5.089
5.056
5.089
5.059
5.058
5.092
5.060
5.053
5.075
5.030
5.109
5.092
5.085
5.061
5.083
5.056
5.066
5.075
5.093
5.072
5.053
5.038
5.098
5.051
5.077
5.057
5.108
5.049
5.057
5.074
5.055
5.084
5.066
5.046
5.078
5.088
5.072
5.059
5.073
5.047
5.067
5.099
5.073
5.117
5.087
5.047
5.086
5.064
