5.338
4.973
5.158
4.974
4.927
4.963
4.985
4.922
5.083
4.966
4.925
4.924
4.949
4.951
4.912
5.221
5.168
5.062
4.922
4.923
4.959
4.928
4.980
4.921
5.116
5.037
4.911
5.134
5.735
4.957
4.916
5.142
4.980
4.906
4.908
4.984
4.907
4.906
4.906
5.052
5.138
5.030
5.030
5.086
5.027
5.028
5.018
5.156
5.019
5.023
5.096
5.076
5.022
5.064
5.059
5.122
5.024
5.035
5.056
5.066
5.026
5.057
5.091
5.086
5.018
5.128
5.080
5.024
5.026
5.062
5.052
5.090
5.067
5.041
5.093
5.037
5.087
5.038
5.091
5.068
5.055
5.029
5.074
5.067
5.033
5.054
5.063
5.122
5.022
5.055
5.025
5.166
5.066
5.047
5.149
5.038
5.081
5.034
5.108
5.060
