1.0292
1.026
1.1804
1.0252
1.0252
1.0256
1.176
1.0248
1.146
1.1464
1.1656
1.1456
1.1456
1.2116
1.2056
1.0248
1.0244
1.0584
1.1912
1.146
1.0556
1.1456
1.146
1.254
1.0228
1.0224
1.0228
1.1136
1.0228
1.1444
1.1444
1.2056
1.0252
1.0248
1.0568
1.0244
1.0256
1.1424
1.0564
1.1456
1.0248
1.0248
1.1896
1.0244
1.0256
1.1984
1.0244
1.0248
1.0252
1.056
1.146
1.0252
1.0256
1.0564
1.0248
1.0252
1.056
1.0252
1.0248
1.0244
1.0564
1.0252
1.0248
1.0244
1.0564
1.1464
1.0248
1.024
1.3068
1.1456
1.0252
1.1256
1.2272
1.1404
1.2444
1.1424
1.0924
1.2276
1.3208
1.0244
1.0248
1.2452
1.1184
1.0244
1.0244
1.0568
1.0248
1.0244
1.178
1.0248
1.198
1.0244
1.1228
1.1448
1.1456
1.1764
1.0248
1.1456
1.1464
1.1652
