0.774694
0.771837
0.892245
0.769388
0.784694
0.768776
0.881429
0.768776
0.769184
0.805102
0.768571
0.768776
0.78449
0.768776
0.784694
0.768776
0.768776
0.813673
0.768776
0.784694
0.768776
0.768776
0.784286
0.768776
0.783265
0.768571
0.768776
0.784286
0.768776
0.76898
0.784082
0.768776
0.904694
0.768571
0.768776
0.784286
0.768776
0.784286
0.790612
0.768571
0.784286
0.768776
0.821633
0.796327
0.76898
0.784694
0.768571
0.768776
0.784286
0.768571
0.78449
0.768776
0.783265
0.784082
0.768776
0.80898
0.768776
0.883061
0.786327
0.768776
0.784286
0.76898
0.768776
0.784694
0.76898
0.798367
0.76898
0.76898
0.78449
0.768776
0.768776
0.784898
0.768776
0.784286
0.768776
0.768776
0.784694
0.768776
0.798163
0.768776
0.768571
0.784286
0.768776
1.01224
0.769796
0.768776
0.784898
0.768776
0.784694
0.768776
0.768776
0.80551
0.768776
0.768776
0.810408
0.768776
0.784694
0.76898
0.76898
0.784694
