0.77
0.831875
0.76875
0.769375
0.769375
0.769375
0.769375
0.769375
0.769375
0.83
0.769375
0.769375
0.769375
0.769375
0.77
0.77
0.77
0.83
0.76875
0.77
0.770625
0.77
0.769375
0.77
0.833125
0.76875
0.77
0.769375
0.769375
0.769375
0.769375
0.81625
0.82875
1.1325
0.770625
0.77
0.769375
0.77
0.769375
0.833125
0.76875
0.77
0.769375
0.77
0.77
0.77
0.945625
0.83625
0.76875
0.77
0.77
0.946875
0.77
0.945
0.83
0.949375
0.769375
0.946875
0.77
0.77
0.865
1.0175
0.769375
0.77
0.769375
0.769375
0.769375
0.769375
0.769375
0.83
0.76875
0.769375
0.77
0.769375
0.77
0.769375
0.82875
0.769375
0.77
0.946875
0.769375
0.855
0.77
0.77
0.828125
0.769375
0.88375
0.769375
0.77
0.769375
0.769375
0.830625
0.76875
0.769375
0.769375
0.769375
0.769375
0.769375
0.769375
1.00812
