3.277
3.231
3.230
3.273
3.275
3.235
3.247
3.230
3.291
3.232
3.252
3.291
3.230
3.230
3.230
3.290
3.303
3.230
3.230
3.230
3.230
3.252
3.250
3.229
3.229
3.267
3.276
3.286
3.266
3.230
3.232
3.230
3.273
3.306
3.231
3.231
3.231
3.251
3.253
3.231
3.231
3.319
3.257
3.253
3.230
3.231
3.253
3.230
3.230
3.252
3.263
3.229
3.230
3.266
3.308
3.230
3.230
3.244
3.230
3.268
3.252
3.229
3.230
3.252
3.230
3.230
3.288
3.245
3.229
3.229
3.251
3.253
3.229
3.229
3.261
3.229
3.252
3.178
3.177
3.192
3.304
3.178
3.156
3.178
3.171
3.175
3.157
3.157
3.156
3.209
3.178
3.156
3.189
3.255
3.699
3.420
3.156
3.258
3.156
3.157
