2.925
2.879
2.878
3.126
2.876
2.897
2.875
2.875
2.884
3.049
2.876
2.873
2.933
2.916
2.875
2.879
2.875
2.875
3.321
2.973
2.941
2.941
2.941
2.962
2.942
2.943
2.941
2.995
2.991
2.942
2.944
2.941
3.000
2.951
2.944
2.941
2.941
3.009
2.943
2.943
2.942
2.991
2.962
2.942
2.942
2.941
3.054
2.943
2.945
2.941
2.941
2.961
2.940
2.942
2.941
3.016
2.942
2.944
2.944
2.943
3.019
2.963
2.942
2.941
2.941
3.006
2.941
2.941
2.941
3.006
2.944
2.944
2.942
2.968
2.975
3.029
2.947
2.941
2.961
2.943
2.943
2.941
3.030
2.958
2.943
2.943
2.941
2.965
2.939
2.944
2.947
2.962
2.941
2.957
2.942
2.942
2.945
2.979
2.942
2.992
