5.556
4.788
4.744
4.800
4.731
4.776
4.802
4.764
4.722
4.739
4.773
4.717
4.794
4.741
4.797
4.719
4.741
4.784
4.736
4.742
4.774
4.748
4.718
4.795
4.790
4.739
4.740
4.741
4.742
4.746
4.760
5.022
5.122
5.064
5.047
5.141
5.064
5.087
5.066
5.071
5.107
5.090
5.063
5.089
5.063
5.083
5.117
5.042
5.164
5.058
5.056
5.087
5.061
4.931
5.025
4.941
4.986
5.322
4.936
4.943
4.934
4.967
4.934
4.956
4.943
4.982
5.307
4.947
4.963
4.951
4.964
4.935
4.936
4.966
4.956
5.075
4.939
4.934
4.936
5.136
4.963
4.973
4.942
4.935
5.065
4.971
4.934
4.937
4.936
4.940
5.025
4.947
5.137
4.954
4.951
4.970
4.976
4.954
4.978
4.950
