5.568
5.414
5.431
5.461
5.466
5.439
5.464
5.423
5.439
5.470
5.454
5.420
5.443
5.443
5.433
5.464
5.420
5.450
5.433
5.422
5.430
5.444
5.453
5.430
5.426
5.418
5.482
5.445
5.431
5.467
5.477
5.456
5.392
5.296
5.351
5.401
5.308
5.314
5.302
5.378
5.316
5.303
5.310
5.321
5.492
5.306
5.331
5.301
5.315
5.385
5.295
5.321
5.316
5.295
5.390
5.326
5.340
5.298
5.351
5.299
5.292
5.364
5.210
5.277
5.282
5.284
5.163
5.392
5.543
5.341
5.263
5.233
5.271
5.260
5.254
5.161
5.267
5.334
5.198
5.332
5.205
5.175
5.485
5.365
5.163
5.733
5.344
5.487
5.240
5.350
5.235
5.367
5.315
5.311
5.290
5.372
5.323
5.307
5.283
5.299
