3.523
3.352
3.308
3.307
3.369
3.267
3.307
3.306
3.352
3.306
3.304
3.216
3.286
3.256
3.256
3.261
3.255
3.216
3.256
3.256
3.322
3.256
3.291
3.256
3.256
3.256
3.291
3.313
3.218
3.256
3.256
3.256
3.256
3.256
3.268
3.255
3.264
3.256
3.256
3.216
3.278
3.285
3.255
3.256
3.289
3.216
3.322
3.311
3.256
3.257
3.256
3.217
3.256
3.285
3.256
3.255
3.216
3.264
3.288
3.316
3.256
3.252
3.216
3.284
3.252
3.280
3.251
3.217
3.217
3.252
3.326
3.302
3.251
3.216
3.251
3.251
3.252
3.280
3.296
3.217
3.251
3.284
3.299
3.254
3.217
3.216
3.252
3.251
3.280
3.252
3.217
3.251
3.251
3.303
3.251
3.316
3.216
3.251
3.311
3.297
