0.96
1.10219
0.94125
0.954063
1.10016
0.941406
0.953594
1.10031
1.06281
0.971875
1.10016
0.940781
0.956875
1.12453
0.941094
0.953906
1.08703
1.01969
1.02469
1.09953
0.940937
1.01578
1.08641
1.01984
0.953594
1.08719
0.99
1.03547
1.10047
0.940937
0.953906
1.08703
0.954219
1.05234
1.0875
0.965313
1.08141
1.08734
1.03828
1.02391
1.12437
0.964531
0.95375
0.953281
0.953906
0.953594
0.940625
0.998281
1.09953
0.941719
0.9725
0.953906
0.953906
1.01812
1.1725
0.941094
0.953906
1.08766
0.965625
0.975
0.940937
1.07922
0.954219
0.940469
0.952969
1.16281
0.954844
0.952812
1.09984
1.05703
0.95625
1.10047
0.940937
0.965469
1.09766
0.941094
0.954531
1.0875
0.954219
0.954219
1.08719
0.985156
1.08813
1.08734
1.06484
0.954531
1.08734
0.953438
1.04688
1.08844
0.955625
0.955156
1.08797
0.953438
0.953906
0.953125
0.953281
1.10047
0.94125
1.03625
