3.591
3.368
3.306
3.325
3.342
3.376
3.351
3.302
3.376
3.479
3.510
3.484
3.388
3.380
3.371
3.400
3.343
3.490
3.423
3.386
3.360
3.395
3.308
3.387
3.443
3.327
3.298
3.369
3.434
3.417
3.360
3.420
3.420
3.348
3.279
3.340
3.349
3.285
3.461
3.341
3.273
3.341
3.313
3.267
3.278
3.307
3.264
3.434
3.346
3.264
3.286
3.271
3.282
3.338
3.287
3.284
3.333
3.306
3.329
3.341
3.297
3.282
3.268
3.283
3.286
3.316
3.342
3.291
3.308
3.284
3.277
3.306
3.310
3.261
3.315
3.264
3.301
3.320
3.283
3.277
3.276
3.263
3.313
3.269
3.324
3.290
3.262
3.397
3.310
3.287
3.310
3.258
3.277
3.337
3.328
3.351
3.334
3.357
3.305
3.253
