5.832
5.574
5.435
5.408
5.591
5.744
6.039
6.122
5.836
5.738
5.689
5.565
5.540
5.522
5.574
5.640
5.665
5.361
5.586
5.624
5.379
5.408
5.337
5.527
5.586
5.576
5.608
5.369
5.593
5.435
5.555
5.355
5.596
5.386
5.355
5.512
5.485
5.598
5.365
5.607
5.381
5.513
5.527
5.523
5.635
5.486
5.225
5.461
5.217
5.361
5.383
5.471
5.339
5.368
5.361
5.521
5.480
5.464
5.513
5.458
5.477
5.458
5.501
5.468
5.476
5.530
5.238
5.466
5.447
5.456
5.249
5.168
5.358
5.543
5.304
5.313
5.458
5.412
5.364
5.413
5.547
5.218
5.400
5.294
5.552
5.431
5.389
5.321
5.417
5.335
5.382
5.529
5.396
5.288
5.269
5.396
5.441
5.363
5.419
5.310
