2.365
2.359
2.360
2.334
2.364
2.336
2.335
2.322
2.365
2.343
2.333
2.355
2.333
2.351
2.318
2.348
2.328
2.348
2.350
2.331
2.325
2.326
2.351
2.352
2.341
2.332
2.325
2.350
2.344
2.375
2.364
2.337
2.333
2.348
2.341
2.334
2.343
2.333
2.331
2.337
2.343
2.334
2.325
2.346
2.343
2.320
2.331
2.339
2.325
2.343
2.351
2.267
2.276
2.270
2.281
2.332
2.266
2.282
2.271
2.278
2.272
2.452
2.367
2.405
2.307
2.283
2.292
2.314
2.283
2.283
2.272
2.283
2.317
2.272
2.280
2.270
2.279
2.289
2.328
2.295
2.278
2.273
2.298
2.275
2.345
2.277
2.287
2.322
2.362
2.325
2.292
2.282
2.324
2.301
2.284
2.307
2.273
2.327
2.288
2.279
