1.0664
1.1468
1.146
1.1388
1.1456
1.146
1.1784
1.0248
1.146
1.146
1.1124
1.146
1.2708
1.126
0.9444
1.0916
1.092
1.0616
1.092
1.092
1.092
0.9748
0.9968
0.974
0.9444
0.9752
0.944
0.944
1.0876
0.9752
0.9444
0.9448
0.9444
1.0964
0.974
1.0116
0.9444
0.9784
0.944
0.944
1.0212
0.9776
1.022
1.0216
0.944
1.036
1.092
1.0924
1.116
1.092
1.3284
1.092
1.0872
0.9444
1.0924
1.3244
1.1172
0.9448
0.946
0.9752
1.092
1.0932
1.0924
0.9744
0.9448
0.9444
0.9448
1.0912
1.0872
0.944
0.9764
0.9448
0.944
0.9444
0.9444
1.09
0.944
0.9728
1.1224
0.944
0.9444
0.944
0.9744
0.944
0.944
0.9448
0.9448
0.9752
0.9436
1.1648
1.1228
0.944
0.9448
0.9444
1.0824
1
0.9444
0.9444
0.976
0.9444
