1.03812
1.135
1.18687
1.03625
1.13125
1.13125
1.13187
1.08813
1.13437
1.03625
1.03062
1.03062
1.03062
1.08187
1.03062
1.03062
1.03125
1.03062
1.03062
1.08438
1.10438
1.03125
1.03125
1.03125
1.03125
1.08937
1.03563
1.03062
1.03125
1.16813
1.08813
1.03625
1.03563
1.03125
1.03125
1.03062
1.0825
1.03563
1.03
1.03125
1.03125
1.03062
1.08563
1.03625
1.03563
1.03625
1.03125
1.03062
1.0875
1.03625
1.03062
1.03125
1.03125
1.08312
1.0375
1.03062
1.03
1.03062
1.03125
1.08187
1.03625
1.03125
1.03
1.03125
1.03062
1.08187
1.03625
1.03062
1.03062
1.03062
1.03125
1.16813
1.08438
1.03625
1.03
1.03062
1.08312
1.03625
1.25063
1.14062
1.03625
1.03625
1.08375
1.03625
1.03125
1.03125
1.13625
1.03625
1.08875
1.03625
1.03563
1.03625
1.03563
1.08875
1.03625
1.03125
1.03125
1.03125
1.03062
1.0825
