1.0324
1.0316
1.1828
1.1492
1.0296
1.0612
1.0628
1.0304
1.1456
1.0624
1.03
1.03
1.03
1.218
1.1492
1.0296
1.0304
1.062
1.03
1.0308
1.0624
1.0304
1.0304
1.0304
1.0616
1.03
1.0312
1.2176
1.0624
1.0304
1.0304
1.03
1.0616
1.03
1.1144
1.0632
1.0304
1.0296
1.0296
1.062
1.1492
1.0304
1.03
1.1196
1.03
1.03
1.0624
1.03
1.03
1.0308
1.062
1.1496
1.0304
1.0928
1.0628
1.0304
1.0296
1.0624
1.03
1.03
1.03
1.062
1.0596
1.0296
1.2712
1.0624
1.0296
1.03
1.062
1.092
1.03
1.1228
1.2432
1.0308
1.0304
1.03
1.062
1.03
1.0304
1.0616
1.0304
1.03
1.0296
1.062
1.0596
1.0304
1.03
1.0616
1.1492
1.03
1.03
1.0616
1.0304
1.03
1.062
1.0304
1.03
1.0312
1.1236
1.1496
