3.532
3.191
3.180
3.185
3.275
3.163
3.180
3.169
3.250
3.209
3.253
3.192
3.251
3.247
3.235
3.293
3.274
3.265
3.235
3.256
3.283
3.227
3.284
3.291
3.262
3.301
3.269
3.235
3.254
3.264
3.257
3.242
3.240
3.231
3.259
3.243
3.256
3.251
3.240
3.242
3.252
3.242
3.240
3.272
3.232
3.246
3.246
3.250
3.240
3.295
3.097
3.086
3.174
3.157
3.082
3.200
3.082
3.206
3.079
3.178
3.083
3.158
3.088
3.088
3.213
3.225
3.121
3.079
3.202
3.129
3.133
3.163
3.190
3.108
3.118
3.134
3.292
3.195
3.106
3.139
3.167
3.093
3.088
3.162
3.241
3.104
3.089
3.125
3.168
3.091
3.444
3.138
3.180
3.094
3.159
3.126
3.234
3.245
3.089
3.129
