1.07688
1.26844
1.12484
1.03766
0.979688
1.03516
1.06234
0.991406
1.07922
1.03734
0.979688
1.03656
1.30531
1.04547
0.98
1.04578
1.14547
0.980156
1.03625
1.03719
0.980625
1.03766
1.0375
0.980469
1.04219
1.03703
0.980313
1.03453
1.05859
0.98
1.03734
1.10187
0.979844
1.04781
1.03719
0.979844
1.14344
1.04016
0.980156
1.03719
1.04781
0.98
1.03703
1.03438
0.98
1.03687
1.16047
0.996719
1.0375
1.03469
0.979844
1.20266
1.03828
0.981719
1.035
1.04844
0.980156
1.03719
1.03547
0.981094
1.21844
0.993594
0.991094
0.992344
1.08031
0.980156
0.992031
0.992188
0.98
0.990156
1.00266
1.19469
1.13484
1.01297
0.98
1.12688
0.993594
0.997656
0.99125
0.992188
0.979844
0.990469
0.991875
0.980156
1.15859
0.995313
0.98
1.03969
0.989531
0.979844
1.03937
1.18031
0.981563
0.990156
0.992031
0.98
1.01438
0.979844
1.00391
0.989688
