9.27479
9.25157
9.30669
9.30372
9.22231
9.2376
9.23612
9.22091
9.0243
9.22215
9.25174
9.10711
9.7924
9.19562
9.14975
9.1757
9.2157
9.25207
9.22322
9.25785
9.27636
9.2043
9.24636
9.28926
9.24264
9.18314
9.10975
9.10008
9.08
9.13124
9.11207
9.06512
9.1324
9.12083
9.1262
9.10488
9.09876
9.17298
9.11008
9.14975
9.09628
9.0481
9.25207
9.25264
9.02331
9.16793
9.09579
9.09388
9.10471
9.13124
9.09165
9.08455
9.24702
9.17223
9.07769
9.29289
9.19512
9.15
9.30033
9.27851
9.16702
9.15446
9.18488
9.03488
8.68636
8.65364
9.20165
9.0843
9.13314
9.10264
9.11248
9.19661
9.1438
9.12983
9.30347
9.17645
9.17975
9.20479
9.11264
9.19612
9.21364
9.24669
9.23008
9.24893
9.22934
9.26107
9.2357
9.23182
9.2024
9.29496
9.04562
9.0986
9.15
9.21455
9.49504
9.3257
9.25702
9.40198
9.24537
9.24653
