3.097
3.061
3.024
3.000
3.011
2.978
2.996
3.013
2.973
2.973
2.994
2.983
3.002
2.983
2.972
2.994
2.982
2.994
2.987
3.014
3.001
2.972
2.947
2.961
3.334
2.873
2.865
2.852
3.059
2.858
2.882
2.858
2.843
3.105
2.993
2.973
2.866
2.997
2.882
2.872
2.873
2.849
2.904
2.997
2.871
2.856
2.924
2.885
2.853
2.846
2.862
2.954
2.920
2.892
2.885
2.955
2.922
2.904
2.890
2.875
2.925
2.900
2.894
2.875
2.930
2.921
2.902
2.896
2.929
2.943
2.939
2.934
2.890
2.932
2.938
2.897
2.883
2.888
2.967
2.906
2.835
2.947
2.839
2.907
2.931
2.854
2.835
2.931
2.825
2.880
2.849
2.846
2.949
2.861
2.834
2.884
2.893
2.870
2.872
2.866
