3.083
2.874
2.871
2.871
3.264
2.880
2.980
2.914
2.872
2.871
2.938
2.872
2.871
2.870
2.874
2.870
3.069
2.871
2.870
3.019
2.871
2.890
2.891
2.870
2.907
2.996
2.889
2.870
2.870
2.871
2.870
2.918
2.871
2.873
2.988
3.030
2.891
2.871
2.870
2.904
2.910
2.871
2.871
2.871
2.989
2.890
2.871
2.871
2.871
2.992
2.899
2.870
2.871
2.905
3.056
2.958
2.938
2.938
2.958
2.957
2.937
2.937
2.937
2.951
2.956
2.937
2.937
2.971
2.971
2.938
2.937
2.938
2.958
2.973
2.938
2.938
2.938
2.937
2.957
3.146
2.939
2.973
2.972
2.938
2.938
2.959
2.991
2.938
2.937
2.938
2.959
2.950
2.938
2.938
2.938
2.991
2.938
2.938
2.938
2.979
