3.501
3.233
3.285
3.248
3.231
3.243
3.267
3.269
3.277
3.230
3.230
3.253
3.266
3.285
3.241
3.231
3.289
3.241
3.242
3.231
3.231
3.301
3.246
3.242
3.231
3.231
3.287
3.240
3.270
3.245
3.232
3.263
3.246
3.231
3.263
3.252
3.245
3.244
3.230
3.241
3.238
3.207
3.180
3.157
3.295
3.176
3.168
3.159
3.167
3.158
3.198
3.282
3.170
3.186
3.157
3.165
3.167
3.180
3.173
3.252
3.386
3.230
3.388
3.204
3.205
3.169
3.169
3.252
3.173
3.157
3.165
3.210
3.160
3.297
3.167
3.228
3.160
3.168
3.157
3.216
3.157
3.212
3.160
3.296
3.170
3.168
3.184
3.174
3.157
3.165
3.233
3.175
3.169
3.178
3.189
3.158
3.175
3.159
3.230
3.168
