3.517
3.111
3.145
3.515
3.348
3.081
3.323
3.082
3.290
3.339
3.443
3.241
3.227
3.240
3.263
3.254
3.255
3.240
3.241
3.270
3.226
3.256
3.262
3.241
3.303
3.225
3.240
3.226
3.251
3.244
3.241
3.242
3.225
3.257
3.266
3.237
3.241
3.263
3.240
3.286
3.260
3.259
3.234
3.297
3.249
3.225
3.257
3.238
3.263
3.313
3.226
3.254
3.226
3.279
3.255
3.226
3.256
3.225
3.241
3.291
3.226
3.241
3.265
3.241
3.254
3.225
3.270
3.240
3.240
3.241
3.264
3.269
3.273
3.167
3.167
3.165
3.167
3.152
3.191
3.254
3.168
3.224
3.152
3.167
3.167
3.177
3.151
3.181
3.151
3.308
3.199
3.163
3.204
3.152
3.167
3.165
3.166
3.168
3.166
3.243
