9.20893
9.11207
9.1614
9.17678
9.08347
9.14331
9.12421
9.06157
9.23769
9.16554
9.01264
8.84198
9.13388
8.90851
8.83554
8.90793
8.93727
8.85463
8.94612
9.16893
9.41942
9.02504
8.99868
8.87099
8.72273
9.17983
8.90091
8.8719
9.2562
9.10306
9.15802
9.39074
9.14198
9.06512
9.15182
9.13306
9.15149
9.11595
9.07926
9.11248
9.07818
9.14281
9.0957
9.06851
9.11645
9.09504
8.9676
8.78207
8.91372
8.69686
8.79182
8.82917
8.69983
8.79256
8.87851
8.7481
8.80397
9.26231
8.72091
9.06223
8.77174
8.73529
8.83025
8.89041
8.76107
8.96835
8.89752
8.85215
8.93149
9.01025
9.03603
9.0414
8.91843
8.96694
8.85091
8.95091
8.9043
8.9114
9.00388
9.06149
8.84041
8.94876
8.93174
8.87331
8.97669
8.8986
8.86017
8.94521
8.90727
8.9024
8.92744
8.90165
8.8919
8.82562
8.90496
8.88645
8.70124
8.81322
8.82413
8.74479
