3.264
3.066
2.877
2.844
2.876
2.876
2.876
2.844
2.989
2.988
2.923
2.844
2.875
2.876
3.094
2.845
3.009
3.134
3.003
2.845
3.065
2.991
2.876
2.846
2.988
2.874
2.987
2.957
3.280
3.101
2.990
2.844
2.877
2.876
2.990
2.844
2.918
2.989
2.844
2.970
2.924
3.080
2.982
2.942
2.945
2.943
2.910
2.911
2.942
2.970
2.941
2.942
2.942
2.942
2.930
2.944
2.943
2.985
2.911
2.942
2.995
2.943
2.911
2.943
2.970
2.942
2.910
2.944
3.010
2.944
2.912
2.974
2.942
2.942
2.910
2.943
2.942
2.970
2.908
2.942
2.991
2.962
2.970
3.010
2.985
2.982
2.918
2.944
2.944
2.910
2.944
2.974
2.944
2.910
2.945
3.027
2.944
2.911
2.978
2.944
