3.084
2.926
2.985
3.098
2.989
2.931
2.987
2.934
2.986
2.934
3.168
2.985
3.051
2.934
2.985
2.931
2.985
2.934
2.984
2.932
2.987
2.931
3.010
2.933
2.979
3.028
2.971
3.023
2.949
2.984
2.931
3.236
3.051
3.047
2.931
2.987
2.932
3.029
2.931
2.984
2.954
3.092
2.969
3.020
3.125
3.004
2.933
2.986
2.933
2.986
3.061
2.984
2.931
3.084
2.933
2.985
2.958
3.002
3.112
2.999
3.174
2.988
2.980
2.985
2.932
2.932
2.984
2.931
2.984
2.931
3.111
2.933
3.078
2.931
3.173
2.933
2.986
2.932
2.986
2.934
2.985
2.934
2.986
2.932
2.985
3.146
3.054
2.931
2.984
2.932
2.997
2.932
2.984
2.932
3.111
2.935
2.932
2.986
2.931
2.985
