1.24083
1.10667
1.31056
0.981667
1.08333
0.983056
0.981667
1.13306
0.981667
1.08417
1.0175
0.981389
1.08333
0.981389
0.981667
1.08472
0.981667
1.11889
1.42861
1.16694
0.9825
1.14361
1.3425
1.21833
1.16167
1.14333
0.979444
1.00444
0.9825
1.025
0.982778
0.982778
1.08694
0.9825
0.982778
1.00472
0.979444
0.979167
1.00444
0.9825
1.00472
0.982778
1.06083
1.00472
0.982778
1.06194
1.32889
1.10333
1.11667
1.21306
1.00472
0.9825
0.9825
1.00417
0.9825
0.982778
1.00139
0.979444
0.979167
1.19417
0.979444
1.00083
1.09194
0.982778
1.16611
1.14556
1.00389
0.982778
0.982778
1.00389
0.982778
0.982778
1.00278
0.982778
0.979444
1.00417
1.18278
1.045
1.005
1.02222
1.02778
1.005
1.02694
1.005
1.00167
1.05917
1.005
1.00167
1.02944
1.00167
1.00111
1.02667
1.00528
1.04667
1.005
1.005
1.02722
1.00472
1.00139
1.02361
