2.316
2.323
2.280
2.277
2.297
2.275
2.337
2.296
2.265
2.264
2.303
2.350
2.276
2.274
2.275
2.263
2.275
2.358
2.277
2.265
2.286
2.263
2.275
2.264
2.388
2.266
2.276
2.292
2.339
2.264
2.275
2.285
2.264
2.285
2.264
2.275
2.265
2.322
2.362
2.346
2.279
2.278
2.266
2.285
2.264
2.339
2.317
2.349
2.346
2.328
2.325
2.369
2.331
2.332
2.327
2.328
2.316
2.365
2.329
2.332
2.378
2.338
2.320
2.340
2.317
2.339
2.328
2.350
2.320
2.338
2.316
2.348
2.320
2.345
2.317
2.328
2.327
2.349
2.330
2.339
2.318
2.337
2.317
2.328
2.316
2.353
2.322
2.348
2.317
2.339
2.317
2.336
2.328
2.330
2.319
2.339
2.316
2.348
2.340
2.329
