1.36222
1.35284
1.35272
1.35284
1.47679
1.35444
1.35247
1.40321
1.35185
1.35333
1.35407
1.36222
1.35259
1.42296
1.35346
1.35827
1.35222
1.36889
1.35309
1.35
1.35247
1.3521
1.48691
1.35568
1.36025
1.34864
1.35099
1.35074
1.34926
1.3663
1.37889
1.4258
1.34938
1.36531
1.35531
1.35284
1.40049
1.36296
1.36272
1.3516
1.42765
1.36173
1.35198
1.35333
1.37309
1.36753
1.35111
1.36284
1.34951
1.41778
1.41605
1.35519
1.34988
1.3616
1.35099
1.36358
1.35111
1.37938
1.42012
1.35346
1.3521
1.36617
1.35025
1.35136
1.41444
1.36593
1.35173
1.36012
1.35062
1.35111
1.35025
1.36802
1.35173
1.37086
1.35136
1.34975
1.41012
1.36741
1.35309
1.39926
1.35284
1.36099
1.36
1.34963
1.3716
1.36111
1.35099
1.35123
1.35494
1.35136
1.36099
1.36086
1.35272
1.43914
1.36864
1.36556
1.35198
1.3484
1.37025
1.37099
