0.88125
0.861563
0.890156
0.860469
0.875625
0.860313
0.874531
0.874844
0.860313
0.875313
0.873125
0.930156
0.856406
0.870313
0.87625
0.856719
0.870625
0.855781
0.888906
0.856406
0.869844
0.871563
0.867188
0.87125
0.85625
0.870313
0.855938
0.869375
0.864375
0.895312
0.981875
0.841875
0.856719
0.840625
0.876875
0.840781
0.855313
0.855
0.841094
0.855781
0.840625
0.855469
0.840625
0.855625
0.851719
0.869844
0.962031
0.843281
0.857031
0.840625
0.857656
0.841094
0.855781
0.852344
0.855313
0.857187
0.840625
0.854375
0.840625
0.933125
0.840469
0.853125
0.840469
0.872344
0.935781
0.842187
0.853437
0.840313
0.8525
0.84
0.852656
0.839688
0.877969
0.85375
0.840313
0.8525
0.84
0.853125
0.840156
0.852344
0.839844
0.851562
0.969844
0.842812
0.854688
0.840625
0.852344
0.839219
0.940469
0.853594
0.840469
0.863281
0.840313
0.852969
0.840469
0.852969
0.840625
0.852812
0.84
0.87125
