0.787284
0.784074
0.769877
0.783827
0.782963
0.769753
0.832716
0.782963
0.780494
0.783457
0.782716
0.770741
0.804938
0.77037
0.783086
0.782222
0.77
0.78284
0.791852
0.770123
0.782593
0.835309
0.847531
0.801605
0.801111
0.788395
0.801358
0.814815
0.788642
0.801605
0.800741
0.788148
0.801235
0.800864
0.788642
0.823951
0.801235
0.808272
0.800741
0.800988
0.788642
0.800247
0.788148
0.801852
0.801481
0.797407
0.806543
0.801605
0.788395
0.800864
0.802716
0.788519
0.825926
0.801481
0.788272
0.800864
0.801358
0.789012
0.818889
0.801975
0.798642
0.800741
0.800988
0.788395
0.800617
0.801358
0.788272
0.809136
0.811235
0.788765
0.806667
0.801481
0.78963
0.801111
0.801481
0.798148
0.801975
0.788025
0.800617
0.801975
0.787901
0.818889
0.801852
0.825309
0.802099
0.801728
0.787901
0.801481
0.801605
0.788272
0.810741
0.801481
0.788025
0.801605
0.80679
0.788765
0.801358
0.801852
0.805679
0.801975
