0.991
1.0451
1.0275
1.0158
1.0155
1.0271
1.0374
1.0213
0.9955
0.9571
1.1198
0.9633
0.9539
0.9552
0.9699
0.9567
1.0131
0.9576
0.967
0.9748
0.999
0.9633
0.9832
0.9853
0.9868
0.9872
1.0876
0.9591
0.9685
0.9737
0.981
0.9837
0.9835
0.9854
0.9882
1.0016
1.0167
0.9746
0.9784
0.9817
0.9847
0.9648
1.0539
0.9819
0.9736
0.9788
1.0601
0.9694
0.9608
0.9797
1.0144
0.9581
0.9782
0.9827
0.9839
0.9939
1.0344
0.9571
1.0269
0.9695
0.9754
0.9787
0.9856
0.984
0.9867
0.9793
1.0197
0.9798
0.9828
0.9851
0.9707
0.9891
0.9906
0.989
1.0467
0.9576
1.0494
0.956
0.9717
0.987
0.9718
0.9835
0.9862
0.9876
1.0663
0.9638
1.0169
1.0571
0.9557
0.9681
1.0092
0.9588
0.9564
0.9712
0.9851
0.9938
1.0203
0.958
0.9776
0.9798
