1.27367
1.24857
1.26102
1.28265
1.34918
1.26531
1.26306
1.24939
1.28898
1.24735
1.2649
1.26531
1.24429
1.26367
1.26265
1.24959
1.32082
1.34918
1.36388
1.46184
1.42286
1.24735
1.26429
1.24571
1.3549
1.26347
1.24408
1.26286
1.26449
1.24388
1.28245
1.26367
1.25143
1.26429
1.24245
1.40449
1.26755
1.2502
1.26286
1.26959
1.2749
1.29245
1.25
1.24959
1.2651
1.25286
1.26592
1.26306
1.26082
1.55714
1.34551
1.42
1.29286
1.33408
1.43673
1.26939
1.27878
1.24531
1.26429
1.26571
1.24694
1.26633
1.24837
1.26388
1.32306
1.24755
1.4102
1.26653
1.24857
1.26653
1.24694
1.26898
1.27959
1.2451
1.34102
1.26367
1.24816
1.2651
1.2651
1.24755
1.26592
1.26224
1.35408
1.2651
1.24653
1.26347
1.26245
1.24653
1.29061
1.26592
1.26388
1.2649
1.24837
1.26388
1.26408
1.24429
1.26592
1.27224
1.37673
1.34735
