0.9025
0.8975
0.924444
0.8975
0.8975
0.921389
0.968889
0.898056
0.920278
0.922778
0.8975
0.952778
0.896944
0.8975
0.918889
0.897222
0.911944
0.963611
0.897222
0.8975
0.8975
0.897222
1.05139
0.8975
0.896944
0.92
0.897222
0.8975
0.919444
0.8975
0.897222
0.919444
0.917778
0.897222
0.918889
0.8975
0.955278
0.920556
0.897222
0.897222
0.919722
0.897222
0.897222
0.919722
0.897222
0.897222
0.919444
0.897222
0.897222
0.919722
0.931389
0.897778
0.919722
0.9175
0.896944
0.919444
0.897222
0.897222
0.919444
0.896944
0.897222
0.956944
0.8975
0.897222
0.919167
0.911667
0.898056
0.919167
0.897222
0.8975
0.919722
0.936111
0.897222
0.919444
0.896944
0.897222
0.919444
0.897222
0.897222
0.92
0.908333
0.898611
0.925833
0.898333
0.898056
0.922222
0.900833
0.898056
0.920278
0.8975
0.918056
0.918889
0.897222
0.897222
0.919167
0.946111
0.898333
0.920833
0.850556
0.848611
