2.245
2.538
3.004
2.326
2.390
2.223
2.222
2.764
2.504
2.366
2.318
2.271
2.590
3.007
2.478
2.221
2.540
2.172
2.303
2.619
2.174
2.220
2.174
2.235
2.172
2.529
2.219
2.172
2.172
2.220
2.173
2.172
2.219
2.173
2.173
2.497
2.543
2.487
2.216
2.172
2.219
2.356
2.172
2.655
2.533
2.218
2.607
2.174
2.221
2.528
2.219
2.172
2.172
2.219
2.728
2.384
2.172
2.172
2.221
2.174
2.541
2.217
2.174
2.172
2.219
2.526
2.219
2.174
2.349
2.218
2.172
3.256
2.995
2.280
2.327
2.274
2.273
2.274
2.272
2.322
2.274
2.274
2.402
2.274
2.273
2.389
2.276
2.369
2.274
2.275
2.329
2.274
2.328
2.274
2.274
2.325
2.274
2.274
2.439
2.337
