2.466
2.380
2.310
2.332
2.364
2.316
2.315
2.316
2.357
2.329
2.316
2.314
2.314
2.315
2.315
2.293
2.396
2.315
2.314
2.336
2.314
2.293
2.314
2.315
2.315
2.316
2.372
2.362
2.394
2.336
2.319
2.316
2.315
2.315
2.374
2.294
2.315
2.314
2.314
2.315
2.387
2.293
2.314
2.314
2.357
2.346
2.316
2.314
2.315
2.314
2.315
2.315
2.361
2.366
2.294
2.314
2.314
2.315
2.316
2.316
2.312
2.314
2.349
2.315
2.425
2.317
2.335
2.294
2.314
2.315
2.315
2.315
2.366
2.293
2.313
2.360
2.315
2.314
2.335
2.294
2.292
2.314
2.316
2.314
2.334
2.315
2.293
2.360
2.314
2.314
2.334
2.315
2.293
2.314
2.314
2.315
2.364
2.348
2.315
2.339
