3.030
3.120
2.949
2.917
2.951
2.949
2.948
2.916
2.948
2.948
2.977
2.917
2.950
3.007
3.016
2.918
2.948
2.949
2.949
2.917
2.993
2.949
2.948
2.917
2.949
2.949
2.948
2.916
2.992
2.975
2.948
2.917
2.948
3.002
2.917
2.949
2.949
2.949
2.918
2.968
2.949
3.022
2.918
2.950
2.949
2.949
2.917
3.024
2.950
2.949
2.917
2.949
2.949
2.998
3.013
2.979
2.950
2.949
2.917
2.949
2.949
2.949
2.947
3.023
2.953
2.947
2.917
2.950
2.968
3.026
2.916
2.949
2.948
2.998
2.916
2.949
2.975
2.950
2.916
2.948
2.949
3.015
2.945
2.949
3.203
2.972
2.916
2.952
2.958
2.982
2.918
2.954
2.949
3.003
2.945
3.039
2.956
2.949
2.916
2.949
