2.822
2.553
2.575
3.158
2.952
2.521
2.515
2.492
2.559
2.596
2.519
2.567
2.516
2.598
2.623
2.515
2.516
2.595
2.536
2.562
2.746
2.501
2.520
2.518
2.625
2.682
2.519
2.518
2.515
2.515
2.514
2.553
2.514
2.515
2.493
2.519
2.647
2.625
2.534
2.514
2.553
2.517
2.516
2.515
2.536
2.515
2.516
2.649
2.495
2.514
2.567
2.514
2.516
2.514
2.632
2.508
2.562
2.528
2.586
2.505
2.684
2.486
2.528
2.507
2.505
2.506
2.507
2.506
2.603
2.507
2.506
2.661
2.549
2.505
2.507
2.507
2.506
2.506
2.507
2.623
2.582
2.564
2.566
2.566
2.586
2.565
2.564
2.542
2.564
2.644
2.612
2.565
2.563
2.566
2.587
2.562
2.565
2.564
2.564
2.584
