1.4075
1.39891
1.38781
1.39766
1.41172
1.39797
1.39922
1.47047
1.40281
1.39922
1.40344
1.42188
1.62359
1.39562
1.38422
1.39938
1.39828
1.39734
1.50797
1.41453
1.40516
1.65906
1.39781
1.39828
1.3975
1.39625
1.41016
1.38406
1.42016
1.64391
1.42656
1.40328
1.54609
1.38844
1.40625
1.37016
1.36281
1.36406
1.39391
1.43766
1.55812
1.39328
1.49094
1.475
1.44562
1.47094
1.59312
1.46953
1.42453
1.44219
1.50562
1.45625
1.41109
1.46219
1.41063
1.45812
1.44125
1.45969
1.40109
1.41781
1.43063
1.47687
1.47516
1.42906
1.41125
1.40609
1.40906
1.41469
1.41078
1.40594
1.40875
1.40391
1.46078
1.4125
1.41328
1.40844
1.43094
1.43125
1.40781
1.44875
1.40953
1.40375
1.41031
1.48766
1.39531
1.41375
1.44609
1.40969
1.41328
1.41016
1.42
1.41141
1.42437
1.40641
1.50281
1.42531
1.40297
1.45203
1.40797
1.41109
