2.701
2.667
2.689
2.585
2.612
2.632
2.597
2.577
2.576
2.610
2.667
2.580
2.579
2.563
2.562
2.580
2.577
2.562
2.654
2.582
2.612
2.595
2.559
2.577
2.560
2.576
2.605
2.588
2.566
2.575
2.562
2.600
2.561
2.629
2.584
2.569
2.567
2.581
2.579
2.559
2.562
2.589
2.584
2.666
2.575
2.635
2.564
2.559
2.561
2.622
2.566
2.569
2.567
2.589
2.563
2.565
2.625
2.591
2.571
2.565
2.583
2.572
2.563
2.562
2.576
2.614
2.507
2.508
2.629
2.522
2.504
2.512
2.510
2.530
2.507
2.512
2.533
2.505
2.504
2.506
2.566
2.635
2.573
2.545
2.507
2.506
2.504
2.517
2.521
2.516
2.519
2.508
2.541
2.503
2.865
2.555
2.527
2.542
2.505
2.578
