0.805
0.770625
0.781719
0.76875
0.807344
0.815625
0.856563
0.769219
0.781875
0.768906
0.781719
0.769062
0.781563
0.769062
0.781719
0.780625
0.781875
0.769062
0.781563
0.769062
0.7825
0.769219
0.976875
0.77
0.782969
0.920312
0.770469
0.829375
0.769375
0.781719
0.813125
0.825781
0.859062
0.804375
0.769531
0.782031
0.769062
0.781406
0.769062
0.781563
0.786719
0.781406
0.769219
0.781563
0.809375
0.804219
0.769375
0.781875
0.769062
0.781875
0.780156
0.78125
0.769062
0.844531
0.769219
0.782031
0.769687
0.781719
0.769219
0.781875
0.769062
0.7925
0.769062
0.801719
0.878594
0.770156
0.781875
0.769844
0.781719
0.792969
0.848437
0.786406
0.781563
0.769062
0.781563
0.769219
0.781406
0.769062
0.781563
0.769062
0.781406
0.780156
0.781406
0.769375
0.907344
0.770938
0.789375
0.769375
0.781719
0.769219
0.781406
0.780625
0.802188
0.769375
0.793281
0.769219
0.781563
0.769219
0.781563
0.769062
