3.376
3.297
3.296
3.244
3.502
3.233
3.287
3.233
3.286
3.234
3.286
3.234
3.378
3.234
3.375
3.234
3.284
3.233
3.284
3.284
3.234
3.285
3.234
3.319
3.233
3.286
3.232
3.334
3.233
3.285
3.233
3.286
3.234
3.284
3.233
3.284
3.285
3.458
3.289
3.280
3.369
3.233
3.462
3.238
3.286
3.234
3.286
3.234
3.286
3.286
3.234
3.285
3.360
3.285
3.870
3.583
3.233
3.286
3.234
3.286
3.385
3.234
3.285
3.283
3.285
3.233
3.287
3.235
3.369
3.728
3.288
3.233
3.286
4.288
3.300
3.301
3.249
3.301
3.996
3.282
3.952
3.240
3.291
3.240
3.382
3.239
3.291
3.239
3.291
3.240
3.291
3.239
3.292
3.292
3.288
3.386
3.244
3.362
3.239
3.293
