3.127
3.030
2.967
3.024
3.003
2.964
2.994
2.977
2.980
2.977
3.023
3.017
2.972
2.959
2.983
3.015
2.993
2.990
2.977
3.007
2.995
3.036
3.033
3.022
2.987
2.954
2.999
3.007
2.966
2.997
2.960
3.021
2.974
2.972
2.963
2.977
2.992
2.969
2.983
2.961
2.960
2.915
2.954
2.940
2.926
2.911
2.904
2.948
2.938
2.968
2.911
2.912
2.911
2.972
2.929
2.896
2.979
2.923
2.903
2.894
2.939
2.911
2.951
2.917
2.905
2.915
2.939
2.906
2.901
3.026
2.923
2.926
2.891
2.941
2.901
2.911
2.962
2.928
2.909
2.933
2.897
2.914
2.967
2.855
2.843
2.852
2.918
2.887
2.942
3.002
2.965
2.893
2.873
2.841
2.968
2.942
2.919
2.848
2.922
2.899
