3.017
3.082
2.974
2.892
3.054
2.996
2.877
2.886
2.868
2.868
2.869
2.870
2.869
2.909
3.148
3.189
2.877
2.869
2.869
2.903
2.977
2.871
2.868
3.023
2.871
2.888
2.869
2.985
2.871
2.869
2.871
2.891
2.868
3.047
2.936
3.053
2.996
2.936
2.936
2.935
2.936
2.994
2.984
2.935
2.935
2.936
2.956
2.958
2.936
2.937
2.990
3.006
2.934
2.936
2.935
2.991
2.935
2.936
2.935
2.935
2.956
3.007
2.934
2.936
2.936
2.956
2.937
2.935
2.937
3.022
2.983
2.935
2.935
2.935
2.953
2.958
2.935
2.935
2.955
2.982
2.937
2.942
2.957
2.973
2.936
2.935
2.966
2.936
2.935
2.971
2.957
2.935
2.936
2.935
2.955
2.939
2.938
2.970
2.970
2.938
