1.04938
1.04753
1.0316
1.04136
1.05198
1.04235
1.03914
1.03914
1.05531
1.02852
1.03889
1.03914
1.03852
1.04173
1.05827
1.03938
1.06741
1.04099
1.04037
1.11457
1.06543
1.11012
1.12642
1.04889
1.04148
1.04531
1.03778
1.05593
1.0516
1.04025
1.03988
1.0279
1.0584
1.03728
1.03975
1.04716
1.03691
1.0263
1.0437
1.0721
1.03975
1.05272
1.03926
1.03815
1.02667
1.03691
1.03852
1.0463
1.03827
1.05667
1.03778
1.03679
1.03741
1.0463
1.03889
1.03679
1.0384
1.02704
1.0384
1.03815
1.04654
1.03691
1.03654
1.05988
1.02802
1.03802
1.05272
1.05605
1.03741
1.03716
1.03753
1.02593
1.0379
1.03914
1.04469
1.0379
1.03802
1.03988
1.03593
1.03938
1.0384
1.03815
1.03728
1.04679
1.02642
1.05679
1.06099
1.03802
1.0379
1.05148
1.0384
1.02679
1.03728
1.04
1.07086
1.04025
1.03741
1.03802
1.03457
1.04494
