0.903125
0.955
0.9
0.90125
0.98125
0.821875
0.821875
0.821875
0.8775
0.82125
0.8225
0.8225
0.821875
0.821875
0.8225
0.873125
0.82125
0.821875
0.8225
0.8225
0.821875
0.821875
0.823125
0.820625
0.8225
0.8225
0.8225
0.8225
0.821875
0.821875
0.968125
0.821875
0.8225
0.821875
0.8225
0.8225
0.821875
0.871875
0.82125
0.821875
0.8225
0.8225
0.8225
0.821875
0.871875
0.82125
0.8225
0.8225
0.8225
0.8225
0.8225
0.8725
0.821875
0.821875
0.8225
0.821875
0.821875
0.821875
0.868125
0.869375
0.82125
0.821875
0.821875
0.8225
0.8225
0.821875
0.871875
0.82125
0.823125
0.8225
0.8225
0.8225
0.821875
0.87125
0.82125
0.8225
1.01937
0.821875
0.821875
0.8225
0.87625
0.82125
0.821875
0.821875
0.821875
0.8225
0.821875
0.873125
0.82125
0.8225
0.8225
0.8225
0.821875
0.821875
0.821875
0.918125
0.820625
0.8225
0.8725
0.82125
