3.519
3.257
3.286
3.289
3.241
3.270
3.237
3.260
3.305
3.243
3.264
3.258
3.273
3.282
3.237
3.247
3.251
3.270
3.246
3.249
3.235
3.252
3.286
3.273
3.259
3.234
3.246
3.253
3.251
3.236
3.246
3.300
3.262
3.242
3.233
3.247
3.246
3.254
3.269
3.301
3.254
3.263
3.238
3.259
3.236
3.272
3.252
3.166
3.180
3.162
3.174
3.184
3.173
3.433
3.264
3.171
3.256
3.181
3.195
3.172
3.201
3.257
3.170
3.172
3.161
3.189
3.164
3.194
3.192
3.284
3.208
3.183
3.176
3.164
3.188
3.192
3.441
3.247
3.169
3.173
3.180
3.177
3.265
3.176
3.265
3.196
3.179
3.163
3.173
3.189
3.188
3.166
3.333
3.177
3.173
3.166
3.200
3.165
3.163
3.181
