2.722
2.600
2.515
2.507
2.497
2.542
2.585
2.573
2.576
2.571
2.569
2.569
2.585
2.589
2.594
2.558
2.569
2.579
2.565
2.586
2.584
2.554
2.570
2.616
2.559
2.566
2.580
2.556
2.569
2.556
2.583
2.570
2.556
2.594
2.569
2.555
2.592
2.564
2.554
2.581
2.570
2.569
2.598
2.567
2.555
2.564
2.568
2.585
2.572
2.565
2.567
2.585
2.575
2.557
2.572
2.564
2.566
2.569
2.586
2.567
2.594
2.567
2.565
2.578
2.554
2.569
2.586
2.768
2.463
2.505
2.442
2.498
2.454
2.472
2.451
2.453
2.452
2.595
2.485
2.467
2.576
2.480
2.439
2.456
2.504
2.450
2.453
2.536
2.473
2.465
2.489
2.461
2.470
2.499
2.456
2.448
2.540
2.651
2.472
2.458
