2.383
2.325
2.282
2.281
2.260
2.359
2.423
2.265
2.319
2.426
2.244
2.352
2.264
2.264
2.266
2.427
2.474
2.442
2.267
2.265
2.264
2.266
2.266
2.331
2.265
2.282
2.265
2.265
2.266
2.337
2.303
2.264
2.264
2.315
2.383
2.286
2.267
2.264
2.266
2.266
2.266
2.444
2.321
2.318
2.318
2.318
2.318
2.317
2.317
2.318
2.318
2.317
2.353
2.369
2.349
2.318
2.318
2.317
2.318
2.318
2.317
2.317
2.317
2.317
2.318
2.364
2.337
2.297
2.317
2.317
2.354
2.319
2.354
2.296
2.317
2.318
2.317
2.413
2.319
2.319
2.297
2.317
2.318
2.338
2.319
2.319
2.296
2.317
2.360
2.384
2.319
2.403
2.319
2.299
2.318
2.336
2.318
2.317
2.317
2.297
