2.367
2.374
2.364
2.353
2.359
2.355
2.369
2.340
2.347
2.369
2.337
2.341
2.365
2.350
2.337
2.338
2.336
2.338
2.350
2.330
2.344
2.333
2.341
2.344
2.358
2.345
2.351
2.333
2.333
2.364
2.352
2.360
2.331
2.351
2.299
2.282
2.322
2.320
2.341
2.287
2.330
2.354
2.463
2.306
2.304
2.277
2.293
2.285
2.290
2.331
2.292
2.285
2.293
2.274
2.294
2.275
2.409
2.299
2.307
2.288
2.300
2.285
2.341
2.367
2.376
2.298
2.302
2.297
2.299
2.336
2.325
2.289
2.284
2.284
2.281
2.290
2.348
2.280
2.284
2.286
2.292
2.379
2.365
2.396
2.439
2.290
2.308
2.294
2.355
2.285
2.356
2.291
2.312
2.420
2.317
2.316
2.372
2.305
2.348
2.307
