3.208
3.148
3.268
3.182
3.180
3.181
3.148
3.180
3.180
3.468
3.414
3.178
3.181
3.181
3.200
3.181
3.149
3.180
3.180
3.183
3.182
3.222
3.993
3.250
3.257
3.258
3.256
3.314
3.219
3.348
3.254
3.256
3.253
3.246
3.296
3.248
3.246
3.281
3.248
3.246
3.211
3.245
3.245
3.270
3.246
3.212
3.318
3.290
3.246
3.324
3.245
3.212
3.246
3.245
3.246
3.246
3.243
3.212
3.245
3.363
3.245
3.245
3.243
3.248
3.296
3.245
3.245
3.245
3.213
3.245
3.245
3.266
3.245
3.324
3.211
3.246
3.245
3.246
3.246
3.243
3.245
3.246
3.296
3.312
3.244
3.243
3.246
3.245
3.248
3.246
3.211
3.248
3.245
3.246
3.245
3.265
3.214
3.288
3.245
3.246
