0.787959
0.786939
0.86102
0.786531
0.812449
0.786531
0.79102
0.786327
0.786735
0.817143
0.836531
0.811429
0.786939
0.786735
0.810408
0.786531
0.792857
0.786531
0.786939
0.810612
0.786531
0.786735
0.811837
0.786735
0.849184
0.787143
0.786735
0.847755
0.801633
0.811633
0.786939
0.811837
0.786531
0.786735
0.811837
0.786939
0.786531
0.809592
0.786939
0.811837
0.786735
0.786735
0.813878
0.786327
0.810816
0.786735
0.801837
0.811837
0.786735
0.819184
0.786735
0.786531
0.847551
0.787551
0.810816
0.786531
0.786735
0.811633
0.786735
0.811633
0.786735
0.786735
0.883673
0.786531
0.811429
0.786327
0.786735
0.810408
0.786531
0.810204
0.786531
0.786735
0.810408
0.786327
0.811429
0.786735
0.786735
0.844694
0.802041
0.811224
0.786939
0.786735
0.811633
0.786735
0.811429
0.786735
0.786735
0.811633
0.786531
0.815306
0.786531
0.802245
0.811224
0.786939
0.811429
0.786735
0.786531
0.81102
0.786735
0.838571
