1.04125
1.2125
1.67063
1.03687
1.15562
1.15562
1.19125
1.155
1.03687
1.08438
1.15562
1.15562
1.28438
1.03687
1.03687
1.03687
1.0375
1.0875
1.155
1.03625
1.03687
1.03625
1.03687
1.0875
1.03687
1.0375
1.03687
1.0375
1.03687
1.0875
1.03625
1.03687
1.0375
1.0375
1.08688
1.03687
1.03687
1.03687
1.03625
1.03687
1.0875
1.155
1.03687
1.03625
1.03625
1.03687
1.08625
1.15562
1.03687
1.03687
1.0375
1.03687
1.18813
1.205
1.15562
1.15562
1.15562
1.26125
1.24375
1.15562
1.15562
1.15562
1.08625
1.03625
1.03687
1.03687
1.03812
1.03687
1.08688
1.0375
1.03625
1.0375
1.0375
1.08625
1.03625
1.03687
1.03687
1.03625
1.03687
1.08625
1.03625
1.0375
1.03687
1.03687
1.03625
1.20125
1.27188
1.03625
1.03625
1.03687
1.08875
1.08312
1.03687
1.03625
1.03625
1.035
1.08625
1.15562
1.03687
1.03625
