5.481
5.352
5.226
5.196
5.254
5.201
5.181
5.317
5.188
5.308
5.199
5.124
5.064
5.108
5.045
5.176
5.178
5.053
5.086
5.387
5.216
5.174
5.339
5.514
5.451
5.526
5.341
5.097
5.284
5.181
5.063
5.168
5.067
5.169
5.197
5.161
5.103
5.087
5.152
5.078
5.204
5.058
5.051
5.077
5.081
5.149
5.085
5.072
5.046
5.162
5.173
5.005
5.068
5.289
5.110
5.084
5.178
5.164
5.049
5.194
5.083
5.018
5.033
4.994
5.007
5.267
5.040
5.054
5.178
5.075
5.145
5.152
4.937
5.113
5.009
5.058
4.995
5.433
5.994
5.974
5.648
5.503
5.660
5.408
5.457
5.384
5.450
5.410
5.371
5.448
5.280
5.347
5.265
5.301
5.318
5.348
5.250
5.245
5.378
5.234
