2.302
2.324
2.342
2.360
2.326
2.332
2.329
2.332
2.337
2.339
2.328
2.326
2.332
2.344
2.325
2.337
2.343
2.353
2.335
2.356
2.380
2.349
2.354
2.359
2.351
2.336
2.354
2.374
2.347
2.365
2.342
2.342
2.360
2.358
2.363
2.350
2.346
2.367
2.346
2.340
2.379
2.345
2.357
2.345
2.342
2.354
2.331
2.339
2.347
2.328
2.347
2.327
2.330
2.316
2.334
2.346
2.326
2.329
2.329
2.325
2.370
2.351
2.338
2.333
2.324
2.334
2.356
2.338
2.344
2.335
2.323
2.405
2.400
2.292
2.293
2.290
2.327
2.275
2.274
2.288
2.280
2.264
2.363
2.289
2.282
2.281
2.284
2.291
2.311
2.271
2.296
2.266
2.278
2.304
2.311
2.274
2.272
2.293
2.290
2.265
