1.17375
1.17375
1.22562
1.17063
1.17188
1.17188
1.17188
1.22313
1.17312
1.17188
1.17063
1.1725
1.16938
1.2225
1.1725
1.17188
1.17188
1.17312
1.22188
1.17312
1.17063
1.17188
1.17125
1.3325
1.17312
1.17188
1.17
1.17125
1.22125
1.1725
1.25
1.17562
1.17
1.22687
1.1725
1.17188
1.17125
1.17188
1.22437
1.17312
1.17063
1.17063
1.17125
1.22125
1.1725
1.17125
1.17125
1.17312
1.22188
1.17063
1.17125
1.17125
1.17125
1.22375
1.17188
1.17125
1.1725
1.17
1.17188
1.22188
1.17188
1.17063
1.1725
1.17063
1.22375
1.17437
1.17188
1.17375
1.17188
1.22188
1.22125
1.17063
1.17125
1.17312
1.24812
1.1725
1.17063
1.17188
1.17188
1.22063
1.17188
1.17188
1.38125
1.17125
1.2225
1.17188
1.1725
1.17063
1.17188
1.22313
1.1725
1.17125
1.17
1.17125
1.22375
1.17312
1.17188
1.17125
1.17125
1.17063
