1.02472
1.09028
1.05417
1.02222
1.22
1.04694
1.26528
0.944444
0.943889
1.11972
1.13139
0.965556
0.996111
0.965556
1.05056
0.965
0.965833
0.994444
0.965
0.965833
0.997222
1.11611
0.966389
1.01417
0.965556
1.00333
0.966111
0.965278
0.995278
0.966111
0.966111
0.995556
1.11583
1.14056
0.966111
0.965278
1.01222
0.965556
1.11639
1.01722
1.115
1.14556
0.966111
1.11583
1.04944
1.11583
1.18972
0.966389
1.11611
1.01694
1.11611
0.966389
0.996111
0.966389
0.995556
0.966111
0.966111
0.995
0.966389
0.991944
0.996389
1.11611
1.01583
0.996667
0.966111
1.05556
0.966111
0.966389
0.996944
1.11528
0.966111
0.995833
0.965833
0.965833
0.995556
0.965833
0.995
0.966944
0.966389
0.996389
1.11556
0.986944
0.996111
0.965
0.966389
0.996944
0.965556
1.03472
0.965556
0.966111
1.01194
1.11528
0.966111
0.996944
0.965556
1.01583
0.965556
0.966944
0.995833
0.965833
