3.131
3.462
3.294
3.024
3.225
3.076
2.664
2.896
2.491
2.808
2.516
2.507
2.575
2.849
2.946
2.694
2.732
2.496
2.551
2.493
2.766
2.978
3.179
2.554
2.494
2.557
2.488
3.154
2.501
2.851
2.840
2.668
2.656
2.941
2.554
2.526
2.636
2.702
2.491
2.555
2.492
2.737
2.489
2.487
2.554
2.491
2.557
2.491
2.493
2.552
2.741
3.044
2.538
2.555
2.491
2.487
2.556
2.489
2.556
2.492
2.491
2.556
2.491
2.551
2.491
2.551
2.599
2.487
2.550
2.489
2.557
2.493
2.491
2.639
2.841
2.556
2.490
2.548
2.492
2.492
2.558
2.535
2.553
2.488
2.492
2.553
2.491
2.556
2.491
2.491
2.849
2.493
2.559
2.487
2.559
2.538
2.487
2.553
2.822
2.550
