1.02185
1.01963
1.06444
1.01679
1.00543
1.29938
1.00802
1.03716
1.09593
1.01741
1.01383
1.01457
1.00259
1.01383
1.01519
1.02901
1.0142
1.01457
1.00407
1.01296
1.07519
1.02432
1.0137
1.05049
1.03901
1.03827
1.01716
1.02593
1.16148
1.02765
1.0158
1.00321
1.08765
1.02889
1.01395
1.01407
1.01481
1.00247
1.01358
1.02333
1.0137
1.01469
1.07975
1.05025
1.03012
1.02321
1.01469
1.01395
1.01383
1.0137
1.00272
1.02185
1.01395
1.01395
1.0137
1.08444
1.00333
1.02827
1.01407
1.0116
1.03025
1.06173
1.05407
1.01778
1.0142
1.0142
1.0137
1.07741
1.01642
1.01346
1.01457
1.01383
1.01395
1.01444
1.0242
1.00309
1.01395
1.01654
1.21049
1.10173
1.06889
1.04148
1.03815
1.02593
1.03654
1.04728
1.03728
1.03716
1.03975
1.02691
1.04654
1.04444
1.0379
1.04346
1.04074
1.05679
1.02642
1.0384
1.0384
1.03889
