0.929722
0.900833
0.898333
0.922778
0.898611
0.901389
0.925278
0.901667
0.901944
0.926389
0.966667
0.851667
0.874167
0.851111
0.851944
0.878333
0.854167
0.854444
0.875278
0.851111
0.851667
0.920278
0.851389
0.851389
0.874722
0.851389
0.851389
0.875
0.851111
0.851667
0.872778
0.873889
0.850833
0.851389
0.874167
0.851389
0.851389
0.873611
0.851667
0.851111
0.873611
0.910556
0.851667
0.874722
0.851667
0.851389
0.874722
0.851667
0.851389
0.851389
0.894444
0.851389
0.851667
0.873889
0.851667
0.851389
0.874722
0.851389
0.851667
0.874167
0.851111
0.851389
0.874444
0.851667
0.851667
0.886667
0.855556
0.853611
0.916111
0.851111
0.8925
0.851944
0.874167
0.868889
0.8525
0.875278
0.852222
0.851667
0.879444
0.852778
0.851111
0.874444
0.851111
0.851667
0.875
0.851389
0.851389
0.874722
0.872778
0.851667
0.873611
0.851111
0.852222
0.851389
0.874167
0.851667
0.851111
0.873889
0.851389
0.851111
