1.02556
1.08722
1.14278
1.03278
1.09028
1.1325
1.07056
0.986111
1.15139
0.986944
1.08972
1.28306
0.943611
1.07222
0.986111
0.985278
1.05139
1.09
1.11389
0.943611
1.09083
1.01611
1.09028
1.09028
1.00556
1.09028
1.14639
0.964722
1.09
0.966389
1.09028
1.11278
0.943056
1.09056
0.996944
1.09028
1.11278
0.943611
1.09056
1.07
1.09
1.09083
0.965833
1.09028
1.1125
0.943889
1.08972
0.981944
1.09
1.11278
0.981667
1.09056
1.10889
1.09
0.943333
0.965833
0.943333
0.966389
0.943889
0.944444
0.965278
0.943889
0.943611
1.00278
0.944167
1.09167
0.997778
0.944722
0.944167
0.966667
0.945278
0.944167
0.968056
0.944167
0.966944
0.944722
0.943889
0.965833
0.944167
0.944167
1.11972
1.09111
0.945278
0.986389
0.944722
0.945
0.967778
0.943889
0.966667
0.944722
0.944444
0.966389
0.945
0.944722
1.07361
1.09139
0.944167
0.966944
0.944167
0.944722
