2.702
2.666
2.576
2.557
2.565
2.595
2.585
2.648
2.568
2.582
2.578
2.570
2.577
2.556
2.556
2.597
2.591
2.559
2.577
2.555
2.580
2.572
2.558
2.646
2.561
2.573
2.555
2.574
2.561
2.559
2.636
2.574
2.553
2.558
2.577
2.636
2.558
2.565
2.643
2.557
2.559
2.561
2.610
2.560
2.563
2.553
2.615
2.563
2.572
2.581
2.562
2.572
2.559
2.596
2.573
2.576
2.561
2.574
2.564
2.570
2.583
2.564
2.572
2.587
2.577
2.580
2.574
2.556
2.573
2.552
2.585
2.555
2.582
2.568
2.567
2.576
2.559
2.602
2.569
2.574
2.560
2.567
2.551
2.573
2.571
2.556
2.731
2.573
2.578
2.577
2.573
2.586
2.559
2.570
2.546
2.499
2.447
2.443
2.556
2.524
