1.18125
1.30313
1.17687
1.17125
1.17437
1.23125
1.17562
1.175
1.1725
1.175
1.17562
1.17687
1.17312
1.17188
1.17437
1.175
1.2325
1.175
1.175
1.17375
1.17437
1.22875
1.41625
1.17437
1.32125
1.23063
1.17625
1.17437
1.29625
1.17562
1.22875
1.17625
1.27313
1.17562
1.175
1.175
1.17687
1.17312
1.17437
1.17375
1.175
1.3225
1.1725
1.17188
1.17312
1.17437
1.23125
1.1725
1.175
1.17312
1.175
1.23812
1.175
1.175
1.17312
1.17437
1.2275
1.17562
1.1725
1.17437
1.17687
1.22687
1.17625
1.17437
1.22687
1.17625
1.22625
1.17437
1.37437
1.17437
1.17437
1.23375
1.31187
1.1775
1.1775
1.175
1.23063
1.17562
1.1725
1.17437
1.175
1.23
1.17375
1.175
1.17875
1.17437
1.2275
1.175
1.17437
1.17625
1.175
1.22938
1.17625
1.1725
1.175
1.1725
1.5575
1.17687
1.2325
1.1775
