3.218
2.882
2.881
2.847
2.879
3.034
2.900
2.890
2.878
2.880
3.107
2.879
2.878
2.879
2.971
2.934
3.025
3.104
2.847
2.996
3.224
2.878
2.847
3.068
2.951
2.878
2.845
2.994
2.879
2.878
2.847
2.878
2.878
2.876
2.878
2.928
2.877
3.048
2.877
2.878
2.878
2.850
2.907
2.879
2.878
2.847
2.877
2.878
2.846
3.052
3.098
2.878
2.846
2.878
2.877
2.927
2.846
2.878
2.905
2.879
2.848
2.878
2.878
2.847
3.081
2.907
2.878
2.846
2.878
2.879
3.000
2.905
2.962
2.999
2.888
2.847
2.928
2.878
3.006
2.877
2.879
2.876
2.847
2.877
2.878
2.902
2.847
2.877
2.878
2.847
2.877
3.112
3.011
2.912
2.945
2.946
2.995
2.914
2.945
3.023
