5.507
5.479
5.452
5.536
5.586
5.344
5.312
5.272
5.282
5.437
5.268
5.407
5.272
5.317
5.461
5.264
5.237
5.288
5.276
5.457
5.484
5.304
5.620
5.275
5.460
5.492
5.397
5.413
5.399
5.506
5.422
5.394
5.409
5.393
5.399
5.418
5.444
5.392
5.381
5.390
5.449
5.393
5.391
5.383
5.476
5.475
5.392
5.414
5.387
5.409
5.404
5.387
5.446
5.399
5.422
5.399
5.407
5.389
5.412
5.424
5.411
5.364
5.389
5.444
5.400
5.437
5.396
5.451
5.396
5.657
5.415
5.393
5.449
5.393
5.387
5.438
5.327
5.389
5.280
5.499
5.276
5.291
5.237
5.321
5.262
5.366
5.294
5.264
5.281
5.263
5.324
5.277
5.262
5.271
5.764
5.296
5.303
5.544
5.335
5.264
