2.586
2.531
2.891
2.437
2.466
2.431
2.464
2.463
2.434
2.742
2.463
2.434
2.464
2.435
2.462
2.464
2.543
2.463
2.750
2.566
2.577
2.581
2.544
2.576
2.632
2.543
2.575
2.590
2.542
2.577
2.542
2.576
2.574
2.608
2.579
2.576
2.542
2.576
2.576
2.543
2.651
2.576
2.544
2.575
2.579
2.543
2.578
2.626
2.546
2.691
2.603
2.543
2.576
2.545
2.574
2.577
2.543
2.604
2.576
2.542
2.577
2.574
2.546
2.575
2.612
2.620
2.578
2.573
2.542
2.577
2.640
2.545
2.578
2.605
2.542
2.572
2.546
2.576
2.576
2.618
2.609
2.576
2.544
2.577
2.577
2.541
2.576
2.576
2.572
2.577
2.574
2.546
2.576
2.608
2.543
2.673
2.575
2.543
2.575
2.544
