1.5308
1.1648
1.1648
1.164
1.2264
1.1652
1.1648
1.1984
1.1632
1.1652
1.1948
1.1648
1.1648
1.1652
1.1996
1.164
1.166
1.198
1.1656
1.1612
1.3156
1.1648
1.164
1.1664
1.2
1.166
1.1676
1.3108
1.2168
1.1636
1.3836
1.166
1.2644
1.1972
1.1628
1.1652
1.1968
1.168
1.164
1.1632
1.3136
1.1652
1.166
1.1972
1.1648
1.1636
1.198
1.1636
1.1652
1.1636
1.196
1.1668
1.1952
1.322
1.1652
1.1636
1.2136
1.1644
1.1624
1.1644
1.3192
1.164
1.1632
1.1964
1.1648
1.3892
1.1972
1.1684
1.1656
1.1984
1.1656
1.1964
1.1628
1.1972
1.1656
1.1644
1.1952
1.1644
1.1632
1.2472
1.1624
1.1636
1.1636
1.3144
1.166
1.1608
1.3084
1.1656
1.166
1.1988
1.2096
1.1656
1.3172
1.1632
1.1628
1.1616
1.1968
1.1624
1.3852
1.1996
