0.79
0.788125
0.78875
0.78875
0.78875
0.78875
0.78875
0.84125
0.788125
0.78875
0.78875
0.78875
0.78875
0.789375
0.84
0.788125
0.78875
0.78875
0.78875
0.78875
0.789375
0.789375
0.93
0.788125
0.78875
0.845
0.78875
0.78875
0.78875
0.8375
0.788125
0.78875
0.78875
0.78875
0.789375
0.789375
0.789375
0.838125
0.788125
0.78875
0.78875
0.78875
0.789375
0.78875
0.8375
0.788125
0.914375
0.788125
0.78875
0.78875
0.81875
0.78875
0.836875
0.7875
0.788125
0.78875
0.78875
0.78875
0.78875
0.8375
0.788125
0.78875
0.788125
0.78875
0.78875
0.821875
0.886875
0.7875
0.788125
0.7875
0.7875
0.7875
0.7875
0.7875
0.836875
0.7875
0.7875
0.7875
0.7875
0.7875
0.7875
0.7875
0.83625
0.786875
0.7875
0.7875
0.7875
0.7875
0.786875
0.836875
0.786875
0.7875
0.7875
0.7875
0.786875
0.7875
0.8325
0.835
0.786875
0.7875
