1.4927
1.5101
1.4823
1.5117
1.4843
1.5287
1.4958
1.5053
1.4851
1.509
1.526
1.4962
1.4856
1.5046
1.4832
1.4928
1.5234
1.4987
1.4977
1.4978
1.5051
1.4846
1.4951
1.5182
1.4948
1.483
1.5046
1.4881
1.4932
1.5246
1.5043
1.4834
1.4958
1.4938
1.495
1.4815
1.5278
1.4842
1.4946
1.5093
1.4932
1.487
1.5217
1.4997
1.4599
1.4476
1.4686
1.4474
1.4912
1.479
1.5142
1.4498
1.4685
1.446
1.4601
1.447
1.483
1.4605
1.4468
1.5153
1.4539
1.4585
1.4542
1.4675
1.4456
1.4662
1.4474
1.4644
1.4678
1.5538
1.5227
1.4761
1.4498
1.4564
1.4563
1.4615
1.4463
1.4765
1.4469
1.4749
1.5148
1.4609
1.4591
1.4523
1.4805
1.4575
1.462
1.4412
1.4811
1.4438
1.5376
1.4673
1.4598
1.4443
1.475
1.4492
1.4607
1.465
1.4597
1.4513
