0.7704
0.7684
0.7684
0.8028
0.7684
0.7684
0.7684
0.7684
0.8008
0.768
0.7688
0.7684
0.7684
0.7996
0.768
0.7684
0.7684
0.7684
0.8
0.768
0.7684
0.7688
0.7684
0.8004
0.768
0.7684
0.7684
0.8916
1.046
0.7684
0.9592
0.7688
0.8008
0.768
0.7688
0.7688
0.7684
0.8008
0.7684
0.7688
0.7684
0.7684
0.8004
0.768
0.7688
0.7684
0.7684
0.8004
0.7684
0.7684
0.7688
0.7684
0.8584
0.768
0.7684
0.7688
0.7688
0.8004
0.7684
0.7684
0.7684
0.7684
0.7996
0.7684
0.7684
0.7684
0.7972
0.7996
0.7684
0.7684
0.7688
0.7684
0.8
0.768
0.7684
0.7688
0.7684
0.7996
0.7684
0.7688
1.076
0.7684
0.8016
0.768
0.768
0.7684
0.7684
0.8004
0.7684
0.7684
0.7684
0.7688
0.8604
0.822
0.7684
0.7688
0.7684
0.8008
0.7684
0.7684
