1.4337
1.37778
1.37333
1.42741
1.41074
1.40185
1.39346
1.38938
1.42593
1.4163
1.40543
1.41556
1.37395
1.37272
1.37358
1.37432
1.38469
1.47901
1.43926
1.43654
1.43741
1.44975
1.44074
1.44914
1.45753
1.4821
1.43815
1.43815
1.44938
1.43765
1.52333
1.4458
1.43914
1.4516
1.47963
1.44111
1.43728
1.46173
1.43667
1.45605
1.4384
1.43741
1.45975
1.45494
1.46062
1.44037
1.4358
1.44494
1.43975
1.4358
1.46679
1.46198
1.44741
1.43877
1.43988
1.4484
1.44383
1.44086
1.43642
1.46457
1.44444
1.41543
1.42296
1.40296
1.41395
1.40716
1.40617
1.41605
1.48025
1.40753
1.40765
1.45148
1.41815
1.41802
1.40543
1.41914
1.48136
1.40716
1.40506
1.4184
1.41111
1.40457
1.40667
1.40543
1.41827
1.55012
1.41358
1.41407
1.40494
1.43123
1.40012
1.41901
1.4058
1.40568
1.51123
1.41506
1.4058
1.40259
1.46099
1.4037
