1.4056
1.3973
1.3832
1.4224
1.4177
1.4727
1.3836
1.4244
1.3853
1.3993
1.4176
1.4048
1.4981
1.3975
1.3927
1.4304
1.3821
1.4308
1.4076
1.4563
1.3874
1.3951
1.3917
1.4091
1.4341
1.3836
1.4426
1.3798
1.3944
1.3944
1.391
1.4296
1.3996
1.4571
1.4309
1.405
1.4083
1.3823
1.3906
1.3911
1.3942
1.4429
1.4248
1.426
1.4146
1.4288
1.5038
1.5683
1.4749
1.4576
1.4185
1.4331
1.4195
1.4304
1.4487
1.4213
1.4616
1.4451
1.4314
1.4375
1.4294
1.448
1.4351
1.4328
1.4204
1.4434
1.4185
1.4557
1.4605
1.4405
1.4237
1.4398
1.4508
1.4252
1.4446
1.4364
1.4324
1.4338
1.4532
1.4893
1.5293
1.4539
1.4596
1.4561
1.4585
1.4423
1.4416
1.4485
1.4957
1.4611
1.4395
1.4448
1.4502
1.4387
1.423
1.4798
1.4358
1.4363
1.4461
1.4264
