0.810617
0.807407
0.768025
1.17988
1.22568
1.18321
1.15494
1.15383
1.18667
1.16395
1.15012
1.42037
1.12827
1.04728
0.803457
0.863086
0.77037
0.86
0.928395
0.87679
0.834691
0.971358
0.759753
0.767284
0.764815
0.753457
0.763333
0.763457
0.753457
0.76321
0.830123
0.763827
0.801481
0.753086
0.76358
0.790123
0.753827
0.763086
0.752963
0.837407
0.764568
0.752963
0.764198
0.787407
0.753704
0.849259
0.84037
0.754198
0.763457
0.764321
0.753333
0.763086
0.763333
0.763827
0.76358
0.753704
0.763086
0.763086
0.754074
0.781975
0.753333
0.856667
0.765556
0.753457
0.763827
0.76321
0.753951
0.771728
0.763827
0.754198
0.763333
0.75358
0.840988
0.76358
0.753951
0.778765
0.764691
0.828148
0.764198
0.764321
0.753827
0.763704
0.762469
0.779877
0.801481
0.753333
0.763086
0.763333
0.75321
0.76284
0.763457
0.763333
0.76358
0.836543
0.813704
0.799259
0.788395
0.814444
0.812099
0.790247
