5.277
5.040
5.032
5.137
5.260
5.247
5.214
5.231
5.215
5.217
5.238
5.290
5.235
5.207
5.231
5.268
5.257
5.202
5.254
8.584
9.263
5.876
5.206
5.261
5.212
5.262
5.243
5.202
5.216
5.369
5.226
5.239
5.260
5.254
5.214
5.221
5.202
5.253
5.256
5.214
5.263
5.125
5.204
5.111
5.213
5.100
5.094
5.094
5.200
5.093
5.132
5.081
5.199
5.083
5.190
5.080
5.147
5.095
5.096
5.100
5.090
5.206
5.118
5.096
5.108
5.096
5.101
5.173
5.134
5.097
5.078
5.107
5.091
5.196
5.104
5.113
5.091
5.095
5.068
5.098
5.214
4.972
4.967
5.318
4.997
4.969
5.187
5.158
5.386
4.983
4.965
5.199
5.003
5.213
4.969
5.151
4.987
4.967
4.991
5.378
