2.372
2.362
2.349
2.387
2.347
2.339
2.491
2.362
2.394
2.337
2.369
2.329
2.328
2.342
2.341
2.331
2.328
2.352
2.352
2.322
2.329
2.336
2.329
2.329
2.344
2.329
2.345
2.333
2.328
2.326
2.332
2.344
2.330
2.329
2.360
2.334
2.375
2.355
2.346
2.350
2.318
2.324
2.351
2.337
2.342
2.337
2.323
2.348
2.326
2.346
2.327
2.324
2.331
2.321
2.329
2.332
2.348
2.343
2.322
2.321
2.321
2.329
2.323
2.330
2.323
2.365
2.329
2.322
2.331
2.313
2.330
2.329
2.335
2.348
2.322
2.344
2.328
2.322
2.322
2.312
2.329
2.337
2.338
2.323
2.322
2.335
2.321
2.335
2.258
2.337
2.279
2.271
2.276
2.277
2.270
2.272
2.268
2.284
2.378
2.272
