1.39528
1.58361
1.56639
1.30444
1.50306
1.30972
1.45361
1.30222
1.42056
1.30333
1.48556
1.3075
1.40111
1.3475
1.49444
1.3
1.49944
1.305
1.56667
1.30361
1.41583
1.30444
1.40528
1.3125
1.40306
1.32306
1.41222
1.31167
1.40306
1.30028
1.64222
1.34056
1.42139
1.31306
1.49139
1.30667
1.44306
1.32944
1.54417
1.30889
1.40806
1.30583
1.41028
1.30722
1.41722
1.30583
1.41056
1.30361
1.49083
1.30917
1.51639
1.30472
1.41
1.30139
1.48583
1.31389
1.40944
1.39528
1.54806
1.36556
1.35861
1.35833
1.36667
1.33917
1.36028
1.33917
1.39472
1.34639
1.35944
1.33333
1.45528
1.34389
1.38833
1.33806
1.43694
1.32917
1.35917
1.48472
1.40056
1.33056
1.46111
1.33306
1.36444
1.3725
1.35889
1.33194
1.36139
1.33111
1.36778
1.33361
1.36667
1.33583
1.36528
1.36167
1.35917
1.33389
1.40222
1.45528
1.39389
1.34139
