3.312
3.394
3.166
3.186
3.166
3.166
3.164
3.163
3.162
3.221
3.766
3.167
3.161
3.230
3.161
3.179
3.161
3.161
3.355
3.217
3.182
3.377
3.162
3.161
3.259
3.183
3.252
3.365
3.162
3.163
3.161
3.204
3.160
3.375
3.160
3.478
3.205
3.497
3.164
3.198
3.217
3.160
3.183
3.160
3.584
3.236
3.237
3.257
3.255
3.233
3.234
3.234
3.285
3.234
3.234
3.448
3.235
3.289
3.257
3.234
3.255
3.285
3.234
3.519
3.302
3.235
3.446
3.236
3.278
3.284
3.235
3.234
3.291
3.265
3.234
3.234
3.256
3.270
3.501
3.235
3.257
3.236
3.234
3.234
3.278
3.234
3.249
3.234
3.266
3.510
3.235
3.234
3.255
3.235
3.250
3.257
3.256
3.236
3.235
3.234
