3.156
2.972
2.934
2.935
2.941
3.027
2.944
2.970
2.935
2.935
2.993
2.943
2.936
2.946
2.953
3.001
2.948
2.946
2.935
2.965
2.945
2.945
2.981
2.925
2.933
2.948
2.973
2.939
2.947
2.942
3.037
2.964
2.938
2.933
2.934
2.945
2.948
2.946
2.995
2.992
3.001
3.008
2.910
2.867
2.869
2.868
2.969
2.941
2.883
2.868
2.856
2.897
2.881
2.878
2.888
2.931
2.883
3.035
2.890
2.869
2.868
2.885
2.889
2.975
2.885
2.869
2.868
2.868
2.938
2.877
2.920
2.868
2.932
2.861
2.881
2.880
2.867
2.879
2.888
2.899
2.861
2.936
2.879
2.868
2.887
2.869
2.856
2.900
2.868
2.960
2.883
2.869
2.868
2.855
2.877
2.941
2.820
2.953
2.868
2.824
