1.04898
1.05531
1.0449
1.02837
1.04429
1.02816
1.04408
1.02816
1.05755
1.0251
1.04245
1.02796
1.04286
1.02796
1.04265
1.02796
1.05735
1.02816
1.04429
1.0251
1.04388
1.02796
1.04449
1.04449
1.02816
1.07184
1.02837
1.08163
1.02796
1.05918
1.02816
1.04408
1.02816
1.04469
1.02796
1.04408
1.02816
1.04429
1.02816
1.04184
1.0251
1.04245
1.05184
1.04286
1.02816
1.04306
1.03796
1.04429
1.02816
1.04469
1.0251
1.04429
1.04143
1.02796
1.06735
1.04347
1.04122
1.02816
1.04429
1.02796
1.04408
1.02796
1.04388
1.02796
1.04408
1.04347
1.0802
1.03265
1.01816
1.00469
1.01837
1.00184
1.01837
1.00469
1.01837
1.02388
1.02082
1.00469
1.01857
1.00184
1.01918
1.0049
1.02082
1.00469
1.11429
1.08347
1.0202
1.00163
1.02061
1.00469
1.02061
1.00469
1.02041
1.00469
1.02061
1.01776
1.02061
1.02122
1.00469
1.02061
