2.378
2.376
2.321
2.327
2.353
2.360
2.320
2.340
2.320
2.331
2.328
2.382
2.320
2.359
2.339
2.328
2.326
2.328
2.348
2.345
2.319
2.327
2.316
2.339
2.338
2.374
2.335
2.329
2.317
2.329
2.317
2.378
2.333
2.330
2.337
2.337
2.316
2.336
2.373
2.329
2.318
2.339
2.317
2.326
2.348
2.336
2.316
2.338
2.316
2.328
2.345
2.337
2.321
2.338
2.341
2.327
2.327
2.328
2.325
2.328
2.326
2.330
2.320
2.357
2.336
2.294
2.225
2.225
2.213
2.213
2.234
2.224
2.457
2.227
2.245
2.214
2.252
2.213
2.330
2.243
2.404
2.217
2.224
2.325
2.213
2.355
2.238
2.291
2.229
2.316
2.411
2.242
2.359
2.345
2.225
2.290
2.214
2.277
2.304
2.269
