2.307
2.299
2.414
2.359
2.308
2.285
2.289
2.326
2.356
2.359
2.348
2.329
2.352
2.338
2.334
2.357
2.389
2.341
2.336
2.334
2.350
2.368
2.351
2.456
2.472
2.434
2.358
2.361
2.381
2.454
2.344
2.349
2.348
2.367
2.350
2.386
2.358
2.370
2.342
2.334
2.362
2.352
2.356
2.342
2.347
2.357
2.334
2.348
2.334
2.346
2.352
2.357
2.329
2.353
2.360
2.329
2.355
2.347
2.349
2.342
2.348
2.332
2.358
2.345
2.344
2.337
2.352
2.331
2.342
2.357
2.343
2.347
2.346
2.340
2.336
2.343
2.373
2.347
2.340
2.389
2.338
2.339
2.348
2.429
2.347
2.436
2.342
2.351
2.346
2.340
2.358
2.358
2.318
2.271
2.234
2.227
2.238
2.351
2.252
2.227
