1.1384
1.094
1.0781
1.4215
1.205
1.0198
1.018
1.019
1.0254
1.018
1.0169
1.0342
1.0673
1.0214
1.1054
1.0169
1.0487
1.0357
1.0205
1.0256
1.0177
1.0175
1.1092
1.0374
1.0437
1.0505
1.0354
1.0353
1.0357
1.0489
1.042
1.0437
1.0369
1.0387
1.0535
1.0349
1.0348
1.0358
1.0356
1.0606
1.0556
1.0527
1.0372
1.0361
1.0367
1.0361
1.0362
1.0354
1.0376
1.0508
1.0526
1.038
1.0346
1.0571
1.0351
1.0349
1.0351
1.0356
1.0427
1.0349
1.0378
1.0371
1.0364
1.046
1.037
1.0357
1.0356
1.0362
1.0715
1.0587
1.0353
1.0353
1.0522
1.0337
1.0347
1.0354
1.0351
1.0434
1.0402
1.05
1.0381
1.0432
1.051
1.0364
1.0362
1.0566
1.0358
1.035
1.0804
1.0457
1.0432
1.035
1.0343
1.0804
1.0438
1.0373
1.0483
1.0614
1.0382
1.0374
