13.604
11.982
10.821
11.035
11.700
11.805
10.847
10.707
11.279
11.259
11.370
10.689
11.000
11.249
10.556
11.494
11.502
11.110
11.361
11.314
11.252
10.694
10.633
10.838
10.702
10.841
10.745
10.987
11.376
11.181
12.534
13.314
12.956
12.571
12.308
12.623
12.147
12.542
13.156
12.713
11.126
12.061
13.191
12.006
11.221
11.551
11.176
10.639
10.965
11.304
10.772
11.366
10.827
10.911
11.383
11.428
11.444
11.194
11.207
11.546
11.363
11.361
11.323
10.283
11.191
10.903
10.872
11.477
11.336
10.963
11.413
11.286
11.065
10.775
11.308
11.424
11.654
12.093
13.513
12.009
11.256
11.543
11.309
10.926
11.567
11.276
10.970
11.592
11.303
11.246
11.466
11.770
11.061
11.286
10.927
11.511
11.403
11.028
11.329
11.039
