3.206
3.148
2.967
2.986
3.002
2.972
2.961
2.962
2.977
2.950
2.956
2.942
2.986
2.958
2.975
2.931
2.976
2.935
2.946
2.953
2.980
2.949
2.944
2.942
2.964
2.939
2.981
2.940
2.942
2.951
2.933
2.950
2.950
2.979
2.936
2.941
2.941
2.952
2.865
2.955
2.868
2.913
2.885
2.929
2.970
3.256
2.923
2.879
2.866
2.910
2.869
2.897
2.948
2.890
2.867
2.882
2.866
2.903
2.972
2.919
2.883
2.874
2.880
2.893
2.892
2.912
2.905
2.873
2.867
2.877
2.893
2.889
2.955
2.890
2.877
2.888
2.884
2.887
2.865
2.947
2.884
2.875
2.867
2.906
2.877
2.866
2.957
2.880
2.876
2.894
2.872
2.864
2.940
2.875
2.902
2.880
2.888
2.877
2.867
2.916
