1.04344
1.04031
1.02625
1.05891
1.03922
1.02641
1.03922
1.06812
1.02687
1.04281
1.04156
1.02641
1.06359
1.03937
1.02672
1.05047
1.03672
1.02625
1.05109
1.03891
1.02641
1.06453
1.05187
1.02641
1.05078
1.03922
1.02656
1.03875
1.03906
1.02641
1.03922
1.03891
1.02687
1.04969
1.06156
1.03953
1.06094
1.04266
1.03953
1.02656
1.03953
1.03875
1.03844
1.03953
1.03687
1.02641
1.03719
1.03672
1.02641
1.0375
1.05031
1.05344
1.03984
1.03641
1.02656
1.03922
1.11094
1.05625
1.04031
1.03891
1.02641
1.03844
1.03937
1.02641
1.03844
1.05047
1.03406
1.03891
1.03937
1.02656
1.03922
1.03641
1.03828
1.03937
1.03922
1.02625
1.03937
1.03937
1.05891
1.03797
1.04906
1.07016
1.02672
1.03719
1.03922
1.02656
1.04578
1.03859
1.02641
1.03922
1.03906
1.02641
1.03719
1.05016
1.02656
1.03734
1.04578
1.02641
1.03766
1.03922
