1.03765
1.04815
1.03778
1.02716
1.03753
1.06988
1.03951
1.03877
1.04691
1.05864
1.02679
1.03765
1.03753
1.03901
1.03951
1.05358
1.03679
1.03333
1.03741
1.0379
1.0379
1.03728
1.03728
1.03642
1.03716
1.03716
1.03716
1.05741
1.05852
1.04926
1.02728
1.03741
1.03864
1.0379
1.03741
1.06407
1.03679
1.02605
1.03617
1.03691
1.04457
1.04877
1.03741
1.03728
1.02679
1.05395
1.03753
1.04605
1.03667
1.03716
1.02605
1.03741
1.09173
1.03877
1.03716
1.03691
1.03716
1.0263
1.06247
1.03753
1.03802
1.03679
1.05395
1.03765
1.04852
1.03901
1.03741
1.03827
1.03667
1.06148
1.04309
1.02778
1.0384
1.03667
1.04667
1.06494
1.03827
1.03741
1.02716
1.03716
1.05395
1.03679
1.03741
1.03679
1.03741
1.03617
1.03667
1.0458
1.04259
1.03852
1.03728
1.03642
1.02617
1.03704
1.03494
1.03432
1.04605
1.05333
1.02654
1.06185
