2.622
2.624
2.556
2.603
2.601
2.776
2.605
2.549
2.605
2.555
2.549
2.603
2.555
2.604
2.554
2.552
2.603
2.554
2.606
2.555
2.606
2.644
2.551
2.601
2.553
2.691
2.555
2.604
2.595
2.555
2.601
2.555
2.603
2.553
2.552
2.602
2.551
2.604
2.553
2.646
2.553
2.554
2.603
2.550
2.603
2.551
2.554
2.603
2.556
2.601
2.556
2.604
2.661
2.553
2.647
2.558
2.600
2.554
2.599
2.554
2.554
2.683
2.554
2.604
2.552
2.556
2.599
2.551
2.603
2.639
2.602
2.556
2.549
2.709
3.413
2.745
2.600
2.602
2.552
2.604
2.552
2.553
2.605
2.553
2.649
2.556
2.555
2.604
2.553
2.606
2.554
2.605
2.554
2.553
2.603
2.554
2.730
2.552
2.554
2.716
