1.27556
1.58944
1.38444
1.44083
1.33056
1.31583
1.29306
1.36139
1.46667
1.31083
1.29694
1.31833
1.29194
1.30444
1.37639
1.29611
1.6425
1.43389
1.45944
1.36472
1.2975
1.52361
1.30306
1.31833
1.29667
1.31806
1.30083
1.31389
1.2975
1.30222
1.31361
1.29667
1.32028
1.29556
1.40111
1.29167
1.34944
1.29944
1.32722
1.29444
1.315
1.29722
1.52472
1.30472
1.31833
1.29639
1.325
1.30306
1.31972
1.32861
1.53056
1.29889
1.40111
1.295
1.31389
1.29861
1.31889
1.29556
1.30972
1.29472
1.31083
1.29528
1.54333
1.29944
1.32444
1.29222
1.29833
1.32694
1.3
1.32389
1.29972
1.32417
1.30139
1.33944
1.29944
1.31639
1.29306
1.32306
1.29306
1.31361
1.29361
1.35639
1.30556
1.73833
1.35056
1.31806
1.30278
1.32694
1.30111
1.31861
1.29472
1.32194
1.30028
1.32222
1.29972
1.3225
1.30361
1.30417
1.32361
1.29611
