3.650
3.511
3.167
3.216
3.166
4.172
3.348
3.217
3.341
3.396
3.167
3.216
3.526
3.484
3.353
3.287
3.321
3.243
3.309
3.240
3.381
3.231
3.281
3.231
3.281
3.230
3.280
3.285
3.230
3.351
3.231
3.279
3.283
3.291
3.302
3.240
3.292
3.240
3.362
3.239
3.353
3.712
3.290
3.292
3.241
3.301
3.248
3.405
3.240
3.491
3.234
3.286
3.230
3.338
3.231
3.331
3.281
3.230
3.281
3.230
3.280
3.230
3.281
3.230
3.287
3.230
3.281
3.360
3.344
3.231
3.281
3.280
3.231
3.280
3.231
3.364
3.230
3.281
3.230
3.324
3.229
3.281
3.230
3.281
3.230
3.279
3.231
3.395
3.324
3.231
3.281
3.231
3.281
3.231
3.281
3.230
3.281
3.231
3.398
3.230
