5.579
5.679
5.468
5.665
5.606
5.712
5.633
5.541
5.591
5.245
5.189
5.601
5.429
5.243
5.298
5.260
5.248
5.199
5.418
5.518
5.506
5.707
5.249
5.709
5.333
5.620
5.269
5.248
5.840
5.433
5.246
5.576
5.441
5.373
5.321
5.416
5.363
5.372
5.372
5.371
5.369
5.469
5.354
5.369
5.367
5.384
5.372
5.486
5.376
5.326
5.327
5.388
5.375
5.422
5.486
5.381
5.378
5.333
5.426
5.457
5.383
5.380
5.372
5.357
6.238
5.394
5.288
5.343
5.338
5.422
5.388
5.351
5.350
5.303
5.349
5.396
5.431
5.388
5.356
5.355
5.400
5.308
5.336
5.342
5.342
5.383
5.339
5.352
5.316
5.342
5.349
5.424
5.354
5.449
5.363
5.354
5.351
5.355
5.352
5.354
