1.34031
1.33453
1.33281
1.33281
1.33531
1.33312
1.31641
1.35297
1.33547
1.35625
1.33766
1.33531
1.33281
1.35453
1.315
1.34563
1.33187
1.33422
1.33156
1.33641
1.33312
1.31375
1.35891
1.33328
1.34797
1.33922
1.33156
1.385
1.34469
1.32953
1.33344
1.35266
1.33219
1.3325
1.33125
1.34609
1.31453
1.33172
1.34859
1.33281
1.33531
1.35688
1.33297
1.33141
1.31234
1.33062
1.37203
1.34688
1.34609
1.32641
1.36391
1.31438
1.33094
1.34281
1.33094
1.32937
1.33016
1.32875
1.31391
1.34078
1.33141
1.33937
1.33
1.33219
1.37578
1.34781
1.31516
1.33156
1.32766
1.33187
1.34266
1.32953
1.33047
1.34359
1.33359
1.34344
1.33062
1.33391
1.32891
1.32781
1.31375
1.33156
1.33078
1.35672
1.34281
1.33672
1.32531
1.29859
1.28391
1.30031
1.29937
1.29937
1.31391
1.29984
1.28516
1.30016
1.31125
1.31219
1.30062
1.30047
