3.062
2.985
2.933
2.990
3.100
2.989
2.929
2.982
2.932
2.980
2.930
3.082
2.929
2.979
2.929
3.075
2.931
2.979
2.929
2.980
2.930
2.979
2.929
2.929
3.222
2.932
2.984
2.929
2.981
2.976
2.981
2.929
2.981
2.931
2.989
2.932
3.018
2.933
3.008
2.930
2.986
2.931
3.071
2.977
2.980
3.041
2.984
2.929
3.011
2.930
2.979
2.930
2.931
2.980
2.931
3.067
2.930
2.979
2.930
2.979
2.930
2.981
2.930
2.980
2.931
2.982
3.086
2.984
2.975
2.981
2.934
2.981
2.930
3.059
2.931
2.981
2.933
2.979
2.929
2.931
3.027
2.932
2.980
2.930
2.980
2.931
2.981
3.047
2.984
2.930
2.979
2.931
3.101
2.929
2.979
2.931
2.980
2.931
2.982
2.931
