0.806
0.8068
0.8056
0.9052
0.8064
0.8056
0.8056
0.8368
1.1804
0.81
0.806
0.8056
0.964
0.8056
0.8056
0.8056
0.8056
0.8388
0.8056
0.806
0.8056
0.8056
0.8384
0.8048
0.806
0.8056
0.838
0.8052
0.8056
0.8052
0.8064
0.9576
0.8048
0.8056
0.8516
0.8056
0.8368
0.8048
0.8056
0.806
0.8052
0.9616
0.8072
0.8064
0.8056
0.952
0.9244
0.806
0.806
0.8064
0.9596
0.806
0.8068
0.8064
0.8384
0.9868
0.806
0.8064
0.8064
0.8384
0.8064
0.8368
0.8064
0.8064
0.8384
0.8068
0.8064
0.806
0.8392
0.8056
0.8056
0.8076
0.8064
0.8924
0.8064
0.8068
0.8064
0.806
0.8388
0.8056
0.806
0.8068
0.8068
0.8384
0.806
0.806
0.8064
0.8056
0.9736
0.834
0.964
0.9388
0.96
0.8056
0.8064
0.8056
0.9588
0.8052
0.8072
0.8068
