1.00833
1.1225
1.20278
1.03806
1.00556
1.00194
1.03472
1.00556
1.05028
1.00556
1.08222
1.03056
1.00583
1.00556
1.03611
1.00583
1.20778
1.62111
1.90417
1.91444
1.88778
1.9175
2.00361
2.01528
1.91639
1.91778
1.74861
1.60833
1.67917
1.60694
1.63306
1.63528
1.6125
1.63306
1.61111
1.65694
1.61222
1.60972
1.61889
1.77889
1.72444
1.67139
1.62528
1.65222
1.63028
1.69139
1.64444
1.53139
1.04194
1.00611
1.00583
1.03889
1.00556
1.0025
1.04361
1.00611
1.07806
1.00583
1.00583
1.03778
1.16528
1.00556
1.05444
1.00222
1.03944
1.00556
1.00556
1.04056
1.00556
1.00222
1.04417
1.00222
1.03806
1.00556
1.00222
1.04056
1.02639
1.00583
1.1475
1.0025
1.03861
1.00583
1.00583
1.04028
1.00222
1.00222
1.04028
1.15306
1.03889
1.00583
1.03639
1.04194
1.00194
1.03944
1.00556
1.00556
1.08139
1.08861
1.00611
1.04389
