2.386
2.458
2.269
2.248
2.217
2.248
2.249
2.217
2.556
2.215
2.248
2.217
2.247
2.275
2.217
2.248
2.217
2.248
2.217
2.363
2.248
2.217
2.248
2.217
2.326
2.393
2.315
2.300
2.269
2.301
2.268
2.300
2.301
2.269
2.345
2.268
2.300
2.268
2.299
2.300
2.268
2.300
2.268
2.367
2.298
2.300
2.300
2.268
2.300
2.269
2.352
2.301
2.269
2.328
2.271
2.300
2.268
2.300
2.300
2.268
2.318
2.268
2.373
2.300
2.269
2.301
2.268
2.300
2.268
2.299
2.300
2.297
2.299
2.268
2.299
2.268
2.350
2.365
2.269
2.300
2.298
2.300
2.300
2.269
2.386
2.269
2.300
2.268
2.328
2.302
2.268
2.300
2.269
2.300
2.342
2.268
2.301
2.345
2.300
2.268
