2.655
2.650
2.619
2.593
2.611
2.642
3.381
4.597
3.303
2.622
2.638
2.618
2.603
2.624
2.617
2.616
2.613
2.619
2.620
2.618
2.614
2.600
2.586
2.605
2.590
2.614
2.615
2.614
2.589
2.586
2.595
2.582
2.591
2.597
2.581
2.577
2.594
2.594
2.573
2.581
2.586
2.574
2.600
2.580
2.571
2.585
2.583
2.590
2.589
2.587
2.577
2.603
2.537
2.494
2.532
2.723
2.529
2.534
2.506
2.573
2.551
2.536
2.501
2.545
2.461
2.497
2.553
2.490
2.487
2.486
2.487
2.611
2.509
2.503
2.465
2.564
2.577
2.461
2.557
2.541
2.488
3.007
2.616
2.502
2.592
2.546
2.565
2.597
2.692
2.552
2.554
2.578
2.524
2.528
2.532
2.532
2.523
2.569
2.520
2.523
