2.604
2.675
2.496
2.526
2.496
2.682
2.600
2.497
2.806
2.530
2.495
2.528
2.527
2.613
2.526
2.523
2.498
2.555
2.528
2.492
2.674
2.496
2.526
2.802
2.560
2.642
2.552
2.498
2.641
2.577
2.494
2.525
2.530
2.497
2.522
2.528
2.550
2.528
2.638
2.652
2.585
2.553
2.581
2.588
2.583
2.585
2.585
2.553
2.583
2.587
2.554
2.579
2.660
2.556
2.602
2.586
2.555
2.586
2.587
2.554
2.658
2.556
2.586
2.584
2.554
2.582
2.582
2.554
2.611
2.654
2.553
2.586
2.585
2.555
2.586
2.638
2.582
2.586
2.584
2.552
2.587
2.583
2.554
2.614
2.605
2.554
2.594
2.555
2.586
2.586
2.554
2.659
2.586
2.555
2.584
2.585
2.552
2.585
2.636
2.552
