1.03194
1.02833
1.02694
1.05722
1.03139
1.02694
1.05167
1.02722
1.04889
1.03083
1.02694
1.04861
1.07778
1.02944
1.07611
1.08306
1.025
1.08556
1.08306
1.26722
1.08361
1.18389
1.00417
1.00389
1.02667
1.00389
1.10389
1.16667
1.00389
1.02694
1.02611
1.02528
1.00417
1.00417
1.06389
1.04667
1.04056
1.10583
1.22222
1.26667
1.005
1.08417
1.105
1.00389
1.11167
1.00444
1.00389
1.17472
1.08806
1.02556
1.00722
1.00611
1.10472
1.00389
1.02528
1.00444
1.08417
1.10472
1.08361
1.16639
1.00417
1.00389
1.02528
1.03389
1.12056
1.02639
1.00417
1.02556
1.08972
1.00361
1.025
1.00417
1.00389
1.14139
1.00417
1.025
1.00444
1.00361
1.10333
1.0275
1.00472
1.10694
1.00389
1.02528
1.005
1.00389
1.18528
1.04944
1.02611
1.00472
1.14306
1.02667
1.00417
1.00389
1.02722
1.02528
1.0275
1.00611
1.00361
1.10361
