1.0625
0.9688
0.9552
1.0951
0.956
0.9863
0.9625
1.0221
0.9732
0.9865
1.0439
0.9577
0.9558
0.9708
0.957
0.9547
0.9438
0.9447
0.953
0.9647
1.0453
0.9589
1.0156
0.9578
0.9721
0.962
0.9534
0.9538
0.9554
0.9554
1.031
1.0168
0.9587
0.9556
1.092
0.955
1.0894
0.9525
1.0017
0.9752
1.0052
0.9679
0.9539
0.954
0.955
0.9559
0.9557
0.9749
0.9549
0.9553
1.0125
0.9706
0.9732
0.9799
1.0416
0.9691
0.9721
0.9838
0.9806
0.9832
1.0229
0.975
0.986
0.9792
0.9819
0.9832
0.9849
1.0025
0.9839
1.001
1.0559
0.9661
0.9759
1.0699
0.9544
1.062
0.9543
0.9661
0.9555
0.954
0.9964
0.9586
0.9836
0.9843
1.0009
0.9848
1.0393
0.9577
0.9752
0.9792
0.9909
0.9908
0.9811
0.9843
0.9856
0.9949
0.9564
0.9947
1.0836
0.9801
