2.581
2.705
2.524
2.649
2.623
2.522
2.514
2.505
2.723
2.573
2.585
2.572
2.578
2.609
2.675
2.597
2.567
2.819
2.670
2.567
2.679
2.564
2.618
2.567
2.575
2.581
2.588
2.742
2.584
2.612
2.572
2.576
2.599
2.689
2.581
2.576
2.586
2.590
2.570
2.669
2.569
2.591
2.571
2.596
2.562
2.701
2.574
2.657
2.579
2.580
2.588
2.582
2.568
2.585
2.566
2.572
2.582
2.609
2.550
2.524
2.516
2.508
2.666
2.512
2.511
2.559
2.541
2.506
2.514
2.507
2.684
2.525
2.535
2.521
2.510
2.516
2.513
2.504
2.557
2.535
2.515
2.508
2.503
2.517
2.526
2.566
2.533
2.508
2.515
2.513
2.514
2.505
2.505
2.578
2.529
2.516
2.505
2.514
2.503
2.518
