1.01722
0.982222
1.12889
0.966667
0.981944
0.989167
1.01556
0.981944
1.01889
1.01889
1.05917
0.967222
0.966667
0.99
1.11611
0.966667
0.989722
0.966389
0.966667
0.989167
1.00861
1.12778
1.11611
0.966667
0.988889
0.9675
0.966111
0.988611
0.967222
0.988889
0.966667
0.966944
0.989167
1.02722
1.11611
0.989722
0.966667
0.9675
0.990556
0.966667
1.01611
0.987222
0.966111
1.045
1.01333
1.11167
1.08611
0.965278
0.988611
0.985556
0.966389
1.02
1.11611
0.966667
0.989444
0.965556
0.965833
1.00917
1.11639
0.987778
1.12722
0.965556
0.9875
0.965556
0.966389
0.989167
0.966667
0.987778
0.965278
0.965833
0.988333
0.965556
0.965
0.988611
1.00556
0.965833
0.9875
0.965556
0.965556
0.988333
0.965556
0.988889
0.966389
0.966389
1.02722
1.11611
0.965556
0.988333
1.02917
1.01333
0.944167
1.07944
0.965833
1.09
0.943611
0.966111
1.09028
0.943611
0.965833
0.943333
