1.0378
0.8782
0.8194
0.8094
0.8058
0.8062
0.8233
0.8068
0.7974
0.817
0.8061
0.8061
0.8063
0.8094
0.8188
0.8166
0.8084
0.8075
0.806
0.7971
0.8419
0.8069
0.8069
0.8096
0.8208
0.7974
0.8474
0.8058
0.8069
0.8069
0.8066
0.798
0.8164
0.8447
0.8083
0.8103
0.7987
0.8047
0.8578
0.8066
0.8077
0.8071
0.7974
0.8196
0.8135
0.8061
0.825
0.7969
0.8387
0.8061
0.9224
0.8088
0.8531
0.7985
0.8058
0.8174
0.8051
0.8063
0.8058
0.7971
0.8074
0.8272
0.8135
0.8064
0.7972
0.805
0.8981
0.8194
0.817
0.8106
0.7971
0.8048
0.8635
0.8153
0.8563
0.8083
0.7977
0.8173
0.8064
0.8249
0.8064
0.8065
0.8443
0.8076
0.8079
0.8065
0.8418
0.8135
0.7973
0.8046
0.8058
0.8458
0.8149
0.8046
0.8062
0.8064
0.8061
0.8199
0.8631
0.7982
