6.150
5.292
5.302
5.367
5.140
5.263
5.252
5.257
5.288
5.249
5.263
5.254
5.286
5.246
5.264
5.279
5.270
5.278
5.241
5.324
5.258
5.278
5.260
5.247
5.255
5.245
5.295
5.253
5.257
5.015
5.139
5.019
5.034
5.029
5.268
5.280
5.021
5.050
5.155
5.057
5.102
5.335
5.270
5.050
5.217
5.164
5.110
5.145
5.047
5.080
5.206
5.031
5.193
5.172
5.149
5.138
5.128
5.236
5.177
5.138
5.130
5.169
5.151
5.124
5.136
5.342
5.155
5.133
5.141
5.311
5.147
5.131
5.142
5.364
5.226
5.123
5.247
5.142
5.128
5.142
5.165
5.132
5.120
5.155
5.472
5.364
5.261
5.123
5.207
5.125
5.153
5.158
5.140
5.178
5.135
5.215
5.133
5.218
5.124
5.179
