1.40025
1.37605
1.37716
1.34247
1.33988
1.37296
1.33889
1.49198
1.37123
1.37148
1.36963
1.36901
1.36802
1.38407
1.36901
1.39877
1.40284
1.38531
1.37827
1.37185
1.36815
1.3684
1.37012
1.37988
1.37951
1.40383
1.36951
1.36988
1.4016
1.37074
1.38815
1.38173
1.37012
1.37852
1.37099
1.36864
1.36963
1.37889
1.37025
1.38198
1.37049
1.38593
1.41988
1.37062
1.37185
1.37198
1.38519
1.37963
1.37062
1.36864
1.37864
1.37691
1.36901
1.36926
1.36877
1.40753
1.36914
1.36901
1.37531
1.3858
1.41049
1.37642
1.38346
1.38543
1.37
1.36926
1.36765
1.37012
1.39543
1.39395
1.38025
1.36901
1.38198
1.38914
1.3721
1.36938
1.37963
1.36938
1.38827
1.37037
1.3842
1.38716
1.36864
1.36802
1.36679
1.37827
1.40037
1.45136
1.43704
1.44407
1.43568
1.43383
1.45679
1.43506
1.45753
1.44222
1.44309
1.41284
1.4037
1.44691
