1.27438
1.273
1.26837
1.26912
1.2695
1.26911
1.29717
1.27031
1.26893
1.26999
1.26924
1.26974
1.26906
1.26943
1.26968
1.26912
1.26806
1.26787
1.26918
1.26874
1.26849
1.26899
1.26899
1.26862
1.26937
1.35666
1.271
1.26962
1.26899
1.272
1.27275
1.27131
1.26937
1.26962
1.26931
1.27225
1.27194
1.26987
1.26786
1.26931
1.26906
1.26987
1.26812
1.26868
1.29079
1.27256
1.27206
1.27212
1.27244
1.27125
1.27244
1.27219
1.27081
1.27369
1.27251
1.27193
1.27113
1.272
1.27169
1.27119
1.27244
1.27169
1.27169
1.27219
1.34708
1.27188
1.27212
1.27118
1.27206
1.26949
1.27169
1.27106
1.27194
1.27031
1.27269
1.27169
1.27175
1.27225
1.27219
1.27163
1.27163
1.27181
1.27056
1.29166
1.26937
1.27093
1.26906
1.26831
1.27219
1.27231
1.27163
1.272
1.27131
1.27225
1.27319
1.27169
1.27219
1.27262
1.27012
1.27256
