13.288
10.968
10.966
10.896
10.988
10.831
10.863
11.270
11.823
11.639
11.698
11.596
11.618
11.712
11.687
11.725
11.572
11.799
11.765
11.703
11.691
11.632
11.715
11.555
11.570
11.666
11.638
11.323
11.480
11.611
11.457
11.686
11.595
11.515
11.678
11.606
11.623
11.652
11.594
11.561
11.701
11.633
11.638
11.683
11.572
11.767
11.609
11.666
11.652
11.675
11.692
11.620
11.756
11.760
11.589
11.186
11.028
10.897
10.983
10.890
10.937
10.937
10.882
11.047
11.007
10.927
11.017
10.994
10.898
10.846
10.893
10.935
10.980
10.873
10.834
10.782
10.801
10.876
10.934
10.792
10.959
10.915
10.905
10.923
10.872
11.007
10.993
10.895
11.032
10.969
10.856
11.048
11.045
10.987
10.990
10.982
11.001
11.059
11.001
10.984
