6.058
5.702
5.990
5.633
5.828
6.416
8.314
6.971
7.008
7.021
6.965
5.172
5.114
5.378
6.987
6.977
6.392
4.930
4.925
4.993
5.345
5.293
5.292
4.928
4.922
4.917
5.031
4.930
4.975
5.053
4.981
5.219
5.144
4.919
5.003
4.953
4.934
5.250
5.264
5.434
6.962
5.759
5.080
5.342
6.974
6.985
6.167
4.886
4.882
4.982
5.241
5.261
5.367
5.366
5.267
5.498
6.961
6.966
6.966
6.972
6.966
6.961
6.436
4.897
4.927
5.067
5.268
5.262
5.445
5.113
5.356
4.838
4.978
4.901
5.341
6.964
6.960
5.891
4.923
4.925
5.119
5.298
5.220
5.193
4.921
4.922
4.986
5.466
6.984
6.983
6.948
6.653
7.002
6.984
6.990
6.961
5.656
4.932
4.965
5.028
