0.813294
0.812947
0.839812
0.813151
0.821535
0.813684
0.811986
0.812251
0.812312
0.812251
0.812557
0.812333
0.812088
0.812537
0.82278
0.81221
0.812659
0.812147
0.81268
0.812047
0.812333
0.812661
0.812886
0.813047
0.829324
0.813355
0.812802
0.812986
0.813008
0.81268
0.813069
0.812865
0.812537
0.812659
0.81771
0.813192
0.81311
0.812945
0.813294
0.812924
0.813029
0.812784
0.812904
0.81309
0.817322
0.812924
0.812414
0.812843
0.812822
0.813069
0.812802
0.812965
0.834353
0.812618
0.82691
0.812149
0.813906
0.812682
0.812661
0.812618
0.812537
0.812373
0.812231
0.812292
0.82002
0.812598
0.812373
0.812537
0.81258
0.837339
0.812312
0.812373
0.81219
0.830204
0.813067
0.812229
0.818202
0.812312
0.81219
0.812169
0.812455
0.812271
0.812251
0.818731
0.812761
0.812292
0.812353
0.812498
0.817669
0.81221
0.812802
0.812414
0.812455
0.827157
0.822106
0.812782
0.81358
0.819571
0.812741
0.813129
