1.27486
1.268
1.28721
1.21781
1.20904
1.21279
1.20266
1.17028
1.21913
1.19759
1.22642
1.26181
1.20595
1.20493
1.21224
1.17967
1.21901
1.20313
1.22122
1.26414
1.26038
1.22093
1.21138
1.20092
1.2219
1.19945
1.20111
1.20327
1.19264
1.20215
1.19165
1.1998
1.27628
1.21077
1.19208
1.2056
1.21296
1.21902
1.19362
1.20695
1.2322
1.20751
1.1801
1.22976
1.20638
1.19064
1.21471
1.20051
1.22216
1.20586
1.20647
1.19421
1.20796
1.21297
1.18472
1.19599
1.20921
1.21189
1.20919
1.20305
1.20247
1.203
1.21826
1.19073
1.21476
1.20197
1.2174
1.20848
1.20878
1.2064
1.21243
1.18546
1.22015
1.19747
1.21429
1.20085
1.21015
1.20404
1.20328
1.20416
1.20377
1.22179
1.20732
1.21212
1.21055
1.18629
1.22854
1.20413
1.1936
1.19429
1.19434
1.20974
1.20287
1.19742
1.20647
1.19405
1.20351
1.20685
1.19613
1.18411
