1.15646
1.19882
1.15938
1.16239
1.16294
1.16231
1.16229
1.16158
1.16234
1.16206
1.16242
1.16193
1.17717
1.15655
1.1633
1.16233
1.16311
1.16826
1.1581
1.1712
1.17034
1.16159
1.16196
1.18094
1.16223
1.16275
1.16298
1.16319
1.17188
1.15674
1.16264
1.21408
1.16333
1.16799
1.15652
1.16236
1.16222
1.16209
1.17549
1.15498
1.16146
1.1617
1.16234
1.19243
1.16317
1.15595
1.1628
1.16197
1.16203
1.16644
1.15583
1.16265
1.16189
1.16265
1.1744
1.15586
1.16203
1.16212
1.16262
1.16347
1.16294
1.15616
1.16158
1.16164
1.16184
1.16696
1.15578
1.16251
1.16171
1.16231
1.1624
1.16715
1.16248
1.16132
1.16148
1.16183
1.16301
1.15685
1.16245
1.16311
1.16265
1.1751
1.15566
1.16178
1.1627
1.16187
1.16165
1.16327
1.1619
1.16158
1.16211
1.16223
1.16447
1.15703
1.16209
1.16303
1.16359
1.17571
1.1558
1.16209
