4.327
4.284
4.270
4.256
4.331
4.274
4.274
4.307
4.313
4.277
4.271
4.288
4.350
4.258
4.281
4.265
4.348
4.267
4.272
4.269
4.261
4.285
4.279
4.347
4.276
4.269
4.291
4.292
4.272
4.263
4.263
4.300
4.307
4.289
4.275
4.284
4.271
4.278
4.262
4.299
4.255
4.290
4.267
4.294
4.285
4.295
4.291
4.276
4.295
4.275
4.287
4.291
4.286
4.300
4.282
4.303
4.327
4.300
4.299
4.274
4.264
4.299
4.285
4.290
4.293
4.305
4.380
4.323
4.264
4.271
4.290
4.256
4.259
4.327
4.293
4.280
4.265
4.320
4.281
4.274
4.288
4.274
4.273
4.269
4.313
4.294
4.275
4.300
4.300
4.281
4.280
4.270
4.278
4.312
4.291
4.262
4.278
4.273
4.274
4.267
