2.823
2.817
2.787
2.782
2.819
2.790
2.787
2.784
2.789
2.778
2.786
2.811
2.792
2.775
2.788
2.780
2.783
2.808
2.825
2.825
2.807
2.813
2.842
2.843
2.835
2.830
2.816
2.800
2.829
2.833
2.840
2.840
2.839
2.855
2.843
2.848
2.851
2.858
2.860
2.857
2.852
2.833
2.844
2.844
2.840
4.891
4.778
4.780
3.506
2.795
2.775
2.809
2.791
2.787
2.781
2.786
2.777
2.771
2.784
2.783
2.771
2.794
2.804
2.772
2.764
2.799
2.786
2.776
2.809
2.811
2.795
2.775
2.784
2.793
2.782
2.784
2.804
2.802
2.780
2.778
2.759
2.766
2.799
2.807
2.799
2.788
2.813
2.782
2.777
2.789
2.807
2.847
2.846
2.858
2.843
2.850
2.852
2.779
2.784
2.770
