7.121
7.174
7.004
7.099
4.540
4.051
4.064
4.060
4.052
4.054
4.064
4.052
4.051
4.053
4.080
4.055
4.054
4.052
4.068
4.054
4.053
4.052
4.168
4.055
4.055
4.052
4.065
4.055
4.054
4.103
4.096
4.052
4.054
4.052
4.079
4.052
4.052
4.056
4.090
4.053
4.051
4.052
4.083
4.053
4.052
4.053
4.087
4.053
4.055
4.066
4.089
4.055
4.061
4.080
4.053
4.052
4.050
4.062
4.058
4.050
4.052
4.087
4.053
4.053
4.052
4.082
4.052
4.053
4.107
4.066
4.054
4.053
4.052
4.083
4.054
4.052
4.050
4.064
4.051
4.054
4.052
4.080
4.051
4.055
4.050
4.085
4.049
4.054
4.051
4.065
4.055
4.053
4.092
4.086
4.053
4.050
4.065
4.051
4.053
4.051
