4.791
4.670
4.670
4.688
4.670
4.743
4.668
3.733
2.702
2.702
2.701
2.701
2.714
2.770
2.739
2.734
2.732
2.733
2.745
2.733
2.756
2.764
2.765
2.764
2.768
2.733
2.733
2.732
2.734
2.734
2.746
2.767
2.735
2.733
2.733
2.768
2.782
2.737
2.734
2.773
2.736
2.749
2.757
2.735
2.733
2.733
2.733
2.741
2.732
2.733
2.733
2.733
2.756
2.793
2.765
2.765
2.764
2.764
2.775
2.765
2.766
2.765
2.764
2.764
2.771
2.699
2.700
2.733
2.703
2.699
2.712
2.721
2.702
2.699
2.700
2.700
2.727
2.701
2.699
2.699
2.699
2.700
2.709
2.700
2.699
2.701
2.701
2.702
2.709
2.700
2.700
2.699
2.724
2.754
2.701
2.700
2.702
2.699
2.700
2.710
