3.521
3.451
3.080
2.747
2.734
2.726
2.724
2.734
2.723
2.762
2.771
2.730
2.721
2.734
2.722
2.723
2.729
2.723
2.741
2.748
2.723
2.754
2.733
2.722
2.721
2.740
2.725
2.722
2.730
2.766
2.733
2.743
2.724
2.744
2.753
2.723
2.724
2.730
2.723
2.723
2.741
2.724
2.725
2.747
2.731
2.722
2.801
2.732
2.743
2.739
2.723
2.724
2.730
2.721
2.721
2.744
2.724
2.733
2.762
2.726
2.722
2.745
2.722
2.740
2.734
2.724
2.722
2.732
2.723
2.723
2.739
2.748
2.725
2.732
2.724
2.725
2.746
2.721
2.738
2.731
2.723
2.767
2.739
2.743
2.726
2.749
2.723
2.722
2.722
2.724
2.730
2.724
2.722
2.755
2.725
2.740
2.747
2.733
2.755
2.775
