0.817833
0.816606
0.825049
0.815727
0.816155
0.814847
0.815502
0.815278
0.824008
0.815747
0.813743
0.815871
0.815092
0.815461
0.815257
0.813355
0.815418
0.815912
0.830263
0.815563
0.815994
0.813047
0.815727
0.815461
0.813253
0.813396
0.813478
0.814969
0.861978
0.815337
0.815973
0.813355
0.815441
0.814724
0.812845
0.812967
0.815298
0.815257
0.822924
0.813067
0.816055
0.815216
0.813006
0.815194
0.814724
0.81542
0.814869
0.813457
0.830182
0.815645
0.815502
0.813006
0.842224
0.813355
0.815729
0.813416
0.815255
0.815482
0.855169
0.816627
0.816012
0.81581
0.815522
0.815808
0.813273
0.813335
0.815135
0.83558
0.815461
0.815133
0.815378
0.813029
0.815133
0.814949
0.815461
0.813722
0.813212
0.830388
0.816216
0.815439
0.816094
0.813867
0.812945
0.813559
0.81362
0.814971
0.814949
0.819753
0.814602
0.813192
0.815645
0.815502
0.815686
0.814969
0.813049
0.81552
0.815357
0.818916
0.816014
0.816094
