4.438
4.790
6.736
6.607
6.304
5.581
5.566
5.560
5.562
5.569
5.564
5.563
4.389
5.563
3.767
4.028
5.614
5.540
5.569
5.559
5.602
5.574
5.575
5.562
5.602
5.560
5.575
5.568
5.573
5.557
5.583
5.561
5.560
5.575
5.562
4.038
4.330
5.561
5.575
5.584
5.559
5.558
5.581
5.561
5.577
3.867
5.583
5.566
5.588
5.560
5.603
3.937
5.578
5.562
5.574
5.562
5.573
5.588
5.577
5.576
5.583
5.560
5.575
3.836
5.575
5.576
3.865
5.562
5.576
5.589
5.574
5.562
3.871
5.575
5.556
5.583
5.575
5.599
3.863
5.576
5.599
5.575
5.576
5.576
3.868
5.562
5.572
5.586
5.576
5.575
5.572
5.575
5.562
3.860
5.578
5.577
5.573
5.574
5.561
3.863
