1.15025
1.1542
1.16382
1.16329
1.1643
1.21629
1.16223
1.16311
1.16376
1.1636
1.16395
1.16401
1.16716
1.16393
1.16329
1.16403
1.16423
1.16292
1.16399
1.18593
1.16309
1.16446
1.16428
1.16309
1.16377
1.16432
1.19022
1.16303
1.16297
1.16327
1.1643
1.1645
1.16397
1.15988
1.16252
1.16434
1.16474
1.16397
1.16401
1.17023
1.15929
1.1626
1.16391
1.16378
1.16472
1.16401
1.17816
1.16037
1.16346
1.16448
1.1637
1.16243
1.16299
1.1709
1.16236
1.16467
1.16387
1.16368
1.15972
1.16423
1.17781
1.1634
1.16336
1.16301
1.16481
1.16389
1.16436
1.17017
1.16064
1.16346
1.16366
1.16428
1.16186
1.16417
1.18456
1.16287
1.16387
1.16382
1.16319
1.16444
1.16413
1.17736
1.16272
1.16319
1.16454
1.16387
1.16397
1.16368
1.16937
1.16313
1.16413
1.16356
1.1638
1.16366
1.15724
1.17399
1.15765
1.16425
1.1627
1.16421
