3.078
2.785
2.787
2.740
2.732
2.789
2.735
2.732
2.741
2.736
2.733
2.757
2.732
2.732
2.776
2.735
2.747
2.757
2.735
2.731
2.738
2.729
2.758
2.742
2.733
2.755
2.736
2.732
2.738
2.947
2.739
2.777
2.736
2.730
2.737
2.734
2.730
2.747
2.752
2.745
2.754
2.759
2.758
2.768
2.759
2.758
2.796
2.783
2.768
2.786
2.789
2.785
2.802
2.790
2.790
2.794
2.789
2.790
2.803
2.791
2.806
2.788
2.786
2.776
2.775
2.757
2.758
2.750
2.731
2.769
2.782
2.786
2.800
2.760
2.760
2.781
2.763
2.759
2.777
2.759
2.754
2.771
2.761
2.764
2.792
2.787
2.789
2.833
2.791
2.791
2.809
2.790
2.790
2.787
2.758
2.761
2.776
2.769
2.759
2.774
