4.076
3.988
4.131
4.254
4.086
5.707
5.634
3.997
4.197
4.267
5.696
4.169
5.742
4.074
5.786
4.073
5.761
5.794
5.451
4.119
5.742
5.753
5.045
4.132
5.695
5.710
4.195
4.010
4.044
4.031
4.002
4.094
5.686
4.340
5.696
5.068
5.685
4.250
5.732
5.673
4.059
4.273
3.989
4.270
4.018
4.307
4.332
4.084
5.038
5.752
4.124
5.814
5.772
5.789
4.930
5.808
4.003
4.236
5.330
5.804
4.150
4.325
5.415
5.768
4.139
5.657
5.717
4.309
5.771
5.071
5.721
4.121
5.769
5.757
5.732
4.916
5.736
3.952
4.047
5.101
5.023
5.794
5.447
5.794
5.730
5.791
4.124
5.768
5.780
5.767
5.847
5.825
5.760
4.691
5.696
4.109
3.996
4.347
4.156
5.081
