1.18591
1.2178
1.18502
1.19633
1.18723
1.17832
1.2018
1.18566
1.20192
1.1726
1.18473
1.20143
1.19995
1.2407
1.18681
1.20069
1.19984
1.196
1.18853
1.20234
1.20505
1.2223
1.19356
1.215
1.19283
1.21395
1.2085
1.18908
1.19274
1.20664
1.21084
1.20759
1.20503
1.21495
1.19266
1.19369
1.2094
1.19334
1.17609
1.1815
1.19945
1.192
1.21013
1.20947
1.19333
1.20517
1.2161
1.19308
1.19379
1.20378
1.19427
1.2189
1.18689
1.19255
1.20709
1.20563
1.23068
1.1928
1.2213
1.20344
1.25279
1.21216
1.21166
1.22186
1.20959
1.20593
1.20517
1.22443
1.20672
1.20906
1.192
1.20019
1.20466
1.19316
1.21686
1.18778
1.2099
1.19427
1.18697
1.19546
1.20752
1.19347
1.21842
1.18189
1.19284
1.18799
1.21312
1.19389
1.20622
1.19869
1.19468
1.19491
1.20694
1.19508
1.205
1.18651
1.2105
1.19143
1.20489
1.21637
