0.83156
0.822046
0.824183
0.848352
0.84846
0.824995
0.822105
0.822899
0.824075
0.817865
0.819629
0.819629
0.830939
0.821765
0.823413
0.823488
0.83455
0.824133
0.823247
0.821939
0.825052
0.821766
0.818726
0.822196
0.827776
0.825789
0.822039
0.82006
0.827826
0.822892
0.822146
0.820672
0.832339
0.825765
0.824423
0.822312
0.830236
0.823736
0.816872
0.822932
0.827238
0.820043
0.820308
0.818462
0.830824
0.819422
0.821542
0.819447
0.824746
0.818453
0.819936
0.821649
0.836198
0.81953
0.82232
0.8229
0.828695
0.820283
0.821898
0.819604
0.826393
0.82165
0.82304
0.818503
0.833515
0.821823
0.819728
0.82304
0.828538
0.822005
0.821402
0.818528
0.830501
0.822983
0.820076
0.821666
0.83435
0.821243
0.820159
0.822808
0.829193
0.822593
0.824225
0.819455
0.83108
0.819537
0.820639
0.817228
0.830418
0.82473
0.823016
0.821997
0.833771
0.823918
0.821402
0.821641
0.824283
0.819447
0.822245
0.819853
