0.85178
0.891971
0.849022
0.844328
0.857112
0.84817
0.854396
0.841157
0.851324
0.846539
0.845463
0.844113
0.869507
0.85134
0.84673
0.841803
0.852923
0.846638
0.843764
0.841653
0.858512
0.846175
0.843931
0.842821
0.851979
0.847283
0.842498
0.843376
0.858454
0.843185
0.840966
0.84134
0.848683
0.841886
0.841364
0.857212
0.844188
0.841943
0.842672
0.851531
0.856268
0.853353
0.846017
0.848974
0.843616
0.841488
0.840469
0.855075
0.846821
0.850704
0.841745
0.849213
0.843293
0.840403
0.841812
0.856682
0.843906
0.843078
0.841537
0.850223
0.841546
0.842995
0.840726
0.854554
0.841223
0.841007
0.846936
0.841057
0.839692
0.840379
0.846092
0.842366
0.84177
0.840478
0.853469
0.842605
0.842746
0.843069
0.848692
0.84114
0.839179
0.840627
0.851845
0.843317
0.839856
0.839326
0.845007
0.843873
0.844668
0.839857
0.856707
0.842234
0.839352
0.838706
0.849884
0.845587
0.854107
0.85226
0.854819
0.843003
