4.362
4.277
4.240
4.250
4.245
4.253
4.239
4.251
4.241
4.242
4.253
4.232
4.243
4.233
4.240
4.235
4.226
4.234
4.242
4.259
4.232
4.240
4.234
4.254
4.259
4.242
4.242
4.232
4.234
4.248
4.239
4.234
4.220
4.234
4.256
4.237
4.236
4.225
4.239
4.229
4.247
4.233
4.237
4.251
4.226
4.231
4.229
4.227
4.251
4.466
4.254
4.249
4.270
4.268
4.250
4.248
4.241
4.247
4.268
4.261
4.257
4.235
4.257
4.266
4.245
4.251
4.262
4.255
4.245
4.251
4.251
4.261
4.270
4.258
4.233
4.260
4.277
4.268
4.249
4.255
4.251
4.279
4.246
4.241
4.243
4.262
4.245
4.236
4.276
4.250
4.256
4.237
4.260
4.242
4.228
4.249
4.229
4.224
4.244
4.246
