1.38103
1.40411
1.34894
1.34238
1.34265
1.34268
1.35706
1.34237
1.34068
1.34061
1.34878
1.3447
1.34038
1.3405
1.34094
1.3586
1.34709
1.34094
1.34058
1.34836
1.34559
1.34322
1.34067
1.3408
1.35531
1.34686
1.34252
1.34077
1.34089
1.35185
1.34063
1.34061
1.34055
1.34512
1.3421
1.34182
1.36829
1.34188
1.35924
1.35417
1.34218
1.34262
1.3464
1.34215
1.34766
1.34191
1.34171
1.36304
1.34683
1.34293
1.34177
1.35174
1.37518
1.34138
1.33992
1.34063
1.35198
1.34308
1.34207
1.34232
1.34211
1.34927
1.34194
1.34188
1.34166
1.34299
1.35788
1.34236
1.34121
1.34277
1.34714
1.34152
1.34182
1.34161
1.34102
1.34944
1.34146
1.34132
1.34128
1.35154
1.34324
1.34174
1.34177
1.342
1.34958
1.3405
1.34152
1.34165
1.34149
1.35932
1.34301
1.34185
1.34182
1.34665
1.34171
1.34038
1.34193
1.34144
1.34753
1.34058
