21.380
21.122
21.109
21.123
21.610
21.705
21.645
21.666
21.613
21.790
21.694
21.669
21.685
21.688
21.729
22.625
21.928
21.824
21.874
21.869
21.899
21.826
21.859
21.855
21.864
21.915
21.915
21.894
21.883
21.862
21.813
21.833
21.848
21.866
21.899
21.855
21.850
21.874
21.911
22.139
21.813
21.829
21.809
21.816
21.889
24.507
21.656
21.028
21.026
21.431
21.561
21.517
21.542
21.521
21.499
21.525
21.559
21.479
21.549
21.556
21.559
21.549
21.618
21.645
21.629
21.640
21.603
21.604
21.640
21.620
21.646
21.681
21.721
21.697
21.685
21.682
21.662
21.712
21.667
21.703
21.595
21.660
21.690
21.632
21.673
21.645
21.743
21.728
21.701
21.637
21.633
21.700
21.671
21.676
21.633
21.696
21.741
21.658
21.722
21.681
