1.31584
1.3586
1.30773
1.30863
1.30499
1.30638
1.30621
1.31764
1.31134
1.30947
1.30877
1.3056
1.30993
1.30789
1.31995
1.30762
1.3073
1.3075
1.30695
1.30756
1.32443
1.30697
1.30726
1.3067
1.30715
1.31237
1.31574
1.30806
1.30734
1.31212
1.30795
1.30793
1.31337
1.30785
1.30791
1.30683
1.30738
1.30746
1.32419
1.31194
1.3074
1.30726
1.30726
1.31357
1.31766
1.33351
1.30695
1.30633
1.30758
1.30705
1.30826
1.32417
1.31196
1.30631
1.30734
1.30771
1.32159
1.31323
1.3065
1.30775
1.34273
1.30701
1.30734
1.31347
1.30789
1.30746
1.30742
1.30758
1.30726
1.34163
1.31558
1.30769
1.30797
1.30554
1.31047
1.3139
1.30801
1.30781
1.30707
1.3076
1.30536
1.3074
1.32186
1.30601
1.30738
1.30746
1.30742
1.31002
1.31292
1.30771
1.3074
1.30809
1.30762
1.30773
1.32116
1.30695
1.30732
1.30689
1.30752
1.30895
