24.332
24.207
24.511
24.431
24.477
24.593
24.430
24.451
24.563
24.453
24.382
24.466
24.506
24.449
24.433
24.581
24.936
24.464
24.540
24.459
24.391
24.482
24.561
24.471
24.458
24.576
24.527
24.507
24.559
24.459
24.446
24.466
24.556
24.482
24.530
24.545
24.452
24.431
24.480
24.903
24.453
24.412
24.532
24.414
24.451
24.578
24.494
24.516
24.423
24.566
24.945
24.509
24.566
24.451
24.433
24.521
24.517
25.157
24.448
24.555
24.428
24.458
24.557
24.473
24.444
24.490
24.507
24.458
24.474
24.527
24.427
24.446
24.533
24.460
24.478
24.492
24.552
25.295
24.451
24.547
24.446
24.422
24.552
24.906
24.578
24.526
24.584
24.473
24.429
24.596
24.680
24.429
24.441
24.439
24.385
24.423
24.651
24.415
24.465
24.619
