0.847963
0.845479
0.841017
0.850124
0.84124
0.843037
0.840379
0.848659
0.842978
0.839351
0.867611
0.844055
0.842183
0.861443
0.852186
0.84273
0.840412
0.840205
0.845917
0.83936
0.838449
0.838614
0.854777
0.839369
0.837381
0.838491
0.854653
0.838921
0.850306
0.84894
0.861849
0.842912
0.838689
0.838069
0.847624
0.844402
0.84061
0.839178
0.844444
0.839252
0.848576
0.845918
0.843508
0.84018
0.838773
0.845694
0.8421
0.837878
0.839509
0.84297
0.839874
0.840461
0.83845
0.851557
0.841017
0.838135
0.839741
0.844643
0.839725
0.837092
0.837572
0.841563
0.841256
0.840179
0.840055
0.867868
0.840875
0.838185
0.836355
0.846125
0.838921
0.83705
0.838275
0.850364
0.83946
0.839169
0.838292
0.852997
0.850017
0.843559
0.852508
0.841222
0.839625
0.838474
0.844982
0.839807
0.853179
0.846771
0.855896
0.842531
0.83926
0.838747
0.844179
0.840055
0.840113
0.837357
0.844907
0.840404
0.839161
0.840204
