1.15659
1.21834
1.16236
1.16292
1.16229
1.16279
1.16154
1.16304
1.16223
1.16217
1.16273
1.16243
1.16311
1.16279
1.16267
1.23255
1.18227
1.18477
1.18371
1.18377
1.18208
1.18515
1.20907
1.18302
1.18528
1.18277
1.18515
1.18621
1.18327
1.18283
1.18339
1.18421
1.18314
1.18509
1.18352
1.18352
1.18389
1.18258
1.18615
1.18409
1.1834
1.18371
1.26999
1.18371
1.18427
1.1849
1.18477
1.18721
1.18603
1.1849
1.18446
1.18528
1.18371
1.18484
1.18465
1.18534
1.18528
1.1844
1.18584
1.18496
1.18609
1.18697
1.18565
1.20632
1.18584
1.18696
1.18609
1.18546
1.18409
1.18403
1.18384
1.18521
1.18509
1.18421
1.18453
1.18389
1.18659
1.18709
1.18434
1.18383
1.18552
1.18459
1.18458
1.18471
1.20312
1.18659
1.18528
1.18634
1.18471
1.18484
1.18489
1.18509
1.18402
1.18371
1.18459
1.18471
1.18627
1.18459
1.1849
1.1849
