6.657
3.781
3.873
3.967
3.958
3.953
3.977
3.885
3.889
3.886
3.895
3.889
3.893
3.879
3.908
3.881
3.881
3.760
3.860
3.893
3.879
3.933
3.889
3.903
3.928
4.007
3.988
4.018
3.918
3.928
3.913
3.937
3.914
3.927
3.917
4.004
3.987
4.004
3.919
3.805
3.891
3.945
3.928
3.946
3.926
3.934
3.913
3.909
3.938
3.909
3.918
3.909
3.916
3.915
3.933
3.907
3.937
3.911
3.929
3.917
3.921
3.913
3.901
3.813
3.910
3.910
3.943
3.917
3.918
3.964
3.980
3.979
4.006
3.922
3.922
3.914
3.974
3.861
3.963
3.991
3.977
3.994
3.983
3.812
3.897
3.924
3.912
3.934
3.911
3.928
3.914
3.924
3.908
3.851
3.781
3.906
3.919
3.949
3.801
3.910
