1.68495
1.71044
1.6202
1.56971
1.5702
1.53934
1.53819
1.54034
1.53384
1.53021
1.54137
1.53672
1.53332
1.53195
1.56487
1.56973
1.52769
1.56243
1.5273
1.5485
1.53907
1.52572
1.52013
1.53397
1.52645
1.56534
1.57501
1.50648
1.48786
1.48342
1.50559
1.48743
1.48566
1.5107
1.49616
1.48823
1.49782
1.48204
1.47728
1.48185
1.49823
1.47798
1.47767
1.53185
1.54131
1.48541
1.49475
1.47708
1.47045
1.4737
1.47765
1.47248
1.47149
1.48883
1.47502
1.47523
1.48767
1.48948
1.47697
1.47698
1.47901
1.47441
1.47546
1.50433
1.49929
1.47809
1.48779
1.47991
1.47879
1.48716
1.48039
1.47867
1.47439
1.49666
1.47968
1.47691
1.48755
1.47771
1.47349
1.48894
1.48036
1.48018
1.47866
1.49396
1.48347
1.51262
1.50891
1.47373
1.46692
1.47593
1.46807
1.46472
1.46276
1.48561
1.46764
1.46534
1.4857
1.47042
1.4644
1.47396
