1.15176
1.18865
1.15734
1.15786
1.18108
1.15372
1.15447
1.15433
1.18292
1.1607
1.16439
1.17268
1.16206
1.16082
1.16054
1.1663
1.16165
1.16061
1.16765
1.16443
1.16065
1.17298
1.16173
1.16075
1.16153
1.16512
1.16129
1.16061
1.16467
1.16148
1.16183
1.1616
1.16699
1.15189
1.15204
1.15795
1.15326
1.15308
1.15361
1.16386
1.15987
1.16085
1.17166
1.16281
1.16087
1.16488
1.1613
1.16301
1.16113
1.1718
1.16194
1.16111
1.16789
1.16097
1.16241
1.16201
1.17084
1.16171
1.16268
1.16577
1.16252
1.16228
1.17051
1.16219
1.16054
1.16287
1.16563
1.16234
1.16045
1.17031
1.1611
1.16101
1.16128
1.16676
1.16197
1.16135
1.17158
1.16159
1.16101
1.16103
1.16765
1.16245
1.16129
1.17165
1.16201
1.16233
1.16502
1.16189
1.16231
1.16242
1.18514
1.16137
1.16173
1.16879
1.16198
1.16114
1.16174
1.16547
1.16138
1.16172
