0.822817
0.822369
0.839045
0.819654
0.830384
0.817874
0.839194
0.823943
0.819464
0.818901
0.841381
0.820042
0.816499
0.820051
0.831702
0.822071
0.821947
0.82126
0.827139
0.819398
0.819207
0.818205
0.823702
0.820307
0.820258
0.822369
0.833954
0.821699
0.818098
0.822097
0.827412
0.845264
0.821716
0.818569
0.83734
0.822412
0.81881
0.824564
0.820556
0.819464
0.839816
0.82607
0.81972
0.818089
0.81967
0.831907
0.820788
0.818031
0.817791
0.823545
0.820871
0.819761
0.821815
0.831569
0.822014
0.815588
0.82194
0.825359
0.823248
0.82078
0.816317
0.829052
0.820374
0.822543
0.821856
0.832107
0.818131
0.818454
0.819025
0.834012
0.823669
0.821053
0.816681
0.825798
0.817916
0.81924
0.821683
0.824755
0.82035
0.817617
0.819373
0.834276
0.819588
0.819414
0.820349
0.827793
0.819936
0.821161
0.821674
0.833746
0.822527
0.823115
0.820217
0.824531
0.82025
0.822552
0.81818
0.8267
0.819398
0.821302
