5.285
4.141
4.120
4.145
4.117
4.125
4.126
4.125
4.111
4.140
4.131
4.176
4.131
4.144
4.130
4.189
4.122
4.132
4.118
4.140
4.132
4.202
4.158
4.155
4.118
4.127
4.112
4.124
4.108
4.136
4.142
4.126
4.110
4.263
4.123
4.158
4.127
4.161
4.124
4.139
4.139
4.142
4.107
4.148
4.128
4.114
4.137
4.133
4.166
4.380
4.182
4.129
4.138
4.113
4.152
4.130
4.146
4.119
4.132
4.125
4.145
4.130
4.164
4.117
4.126
4.118
4.145
4.113
4.119
4.106
4.417
4.157
4.128
4.111
4.123
4.106
4.145
4.110
4.120
4.137
4.141
4.114
4.118
4.110
4.116
4.150
4.159
4.122
4.124
4.133
4.147
4.111
4.134
4.119
4.124
4.112
4.146
4.132
4.115
4.142
