3.745
4.034
5.561
5.569
4.125
4.817
6.625
6.598
4.117
3.843
3.843
3.726
3.687
3.705
3.731
3.842
3.849
4.033
5.553
3.937
5.582
5.619
5.557
5.563
5.555
5.562
5.556
5.571
5.602
5.583
5.555
5.568
5.570
5.582
5.569
4.368
5.569
5.560
5.614
4.627
3.927
5.554
5.562
5.569
3.932
5.555
5.576
5.557
5.562
5.568
4.132
5.554
5.562
5.554
5.577
5.556
4.498
3.928
5.555
3.936
5.581
4.109
5.570
5.561
5.569
5.580
5.565
4.538
4.029
5.543
5.571
5.599
5.593
5.584
5.557
5.562
5.554
5.564
5.556
5.572
5.570
5.578
5.569
5.570
5.555
5.577
5.584
5.582
5.572
5.577
5.557
3.747
4.048
5.557
5.577
5.556
5.564
5.553
4.416
5.556
