4.494
5.049
5.721
5.999
4.161
3.910
3.957
4.134
5.301
5.964
3.883
4.038
3.889
3.729
3.926
3.912
4.805
4.604
5.181
5.153
6.493
5.470
4.165
3.878
3.693
3.880
4.264
5.289
5.494
3.813
3.745
3.696
3.823
3.652
3.692
3.709
3.695
3.668
3.701
3.614
3.603
3.623
3.602
3.755
3.642
3.757
3.725
4.041
4.255
4.225
3.840
3.729
3.784
3.983
4.236
4.722
3.981
4.261
4.767
4.049
4.633
4.674
5.202
6.453
6.471
5.997
4.531
4.581
3.788
3.651
3.659
3.634
3.693
3.692
3.962
4.248
5.154
6.383
5.775
3.604
3.695
3.630
3.954
4.750
4.087
3.871
4.264
5.290
5.973
4.711
3.962
4.111
3.848
3.720
3.698
3.842
3.655
3.601
3.609
3.616
