0.870749
0.855068
0.847781
0.846738
0.853544
0.846538
0.84735
0.844659
0.850645
0.844958
0.845015
0.844494
0.874079
0.850572
0.846522
0.851564
0.844294
0.845115
0.845048
0.84831
0.843483
0.842846
0.842779
0.855357
0.84749
0.846539
0.84615
0.850852
0.84509
0.843964
0.858172
0.862768
0.852069
0.84687
0.847988
0.851888
0.845396
0.847682
0.846349
0.856764
0.85524
0.854363
0.848402
0.852624
0.848765
0.844311
0.857344
0.849735
0.846879
0.845893
0.849238
0.845851
0.843972
0.844775
0.851498
0.849338
0.848004
0.847077
0.855316
0.847474
0.845917
0.845562
0.852964
0.845479
0.845189
0.845189
0.850902
0.843724
0.844221
0.845397
0.855994
0.845231
0.844675
0.848982
0.845678
0.846522
0.843575
0.855671
0.845802
0.868572
0.851142
0.854173
0.849777
0.848136
0.85433
0.857377
0.851449
0.84614
0.846191
0.859224
0.850638
0.849561
0.849022
0.852178
0.84928
0.849329
0.846862
0.853261
0.848004
0.848245
