17.427
16.773
16.732
16.819
16.723
16.802
16.676
16.652
16.589
16.634
16.560
16.534
16.579
16.598
16.726
16.620
16.530
16.564
16.638
16.586
16.555
16.583
16.580
16.626
16.690
16.631
16.609
16.746
16.617
16.648
16.612
16.610
16.688
16.748
16.605
16.726
16.644
16.615
16.679
16.681
16.642
16.721
16.629
16.700
16.618
16.678
16.592
17.283
16.717
16.644
16.645
16.631
16.724
16.614
16.637
16.615
16.665
16.717
16.584
16.580
16.661
16.741
16.625
16.615
16.674
16.653
16.665
16.651
16.627
16.637
16.636
16.630
16.658
16.633
16.637
16.680
16.636
16.775
16.785
16.668
16.604
16.683
16.618
16.633
16.677
16.677
16.676
16.625
16.634
16.590
16.613
16.833
16.643
16.482
16.747
16.693
16.617
16.644
16.778
16.799
