5.018
4.316
4.340
4.260
4.220
4.275
4.288
4.239
4.214
4.261
4.272
4.276
4.254
4.233
4.253
4.266
4.270
4.274
4.299
4.311
4.348
4.344
4.250
4.261
4.266
4.158
4.347
4.313
4.325
4.325
4.293
4.277
4.337
4.229
4.315
4.315
4.337
4.274
4.297
4.277
4.315
4.263
4.348
4.241
4.208
4.280
4.219
4.309
4.283
4.287
4.199
4.250
4.221
4.313
4.308
4.256
4.270
4.235
4.281
4.308
4.250
4.236
4.320
4.247
4.227
4.344
4.254
4.295
4.319
4.322
4.259
4.321
4.354
4.300
4.219
4.215
4.262
4.329
4.263
4.339
4.296
4.310
4.266
4.269
4.272
4.257
4.274
4.308
4.272
4.274
4.227
4.310
4.261
4.267
4.259
4.216
4.253
4.328
4.207
4.253
