1.14401
1.14485
1.15225
1.15834
1.16313
1.15884
1.15821
1.15858
1.17239
1.15816
1.15841
1.15925
1.16176
1.15826
1.15812
1.15829
1.19406
1.15926
1.15885
1.15872
1.15848
1.16244
1.15872
1.15968
1.15799
1.16222
1.15882
1.15872
1.15876
1.16733
1.15889
1.15821
1.15831
1.16146
1.1581
1.15915
1.15856
1.15831
1.1611
1.15857
1.1585
1.15838
1.16581
1.15804
1.15878
1.15801
1.16177
1.15872
1.15824
1.15806
1.1661
1.15836
1.1588
1.15799
1.17464
1.15924
1.15835
1.15921
1.1584
1.16671
1.1584
1.15967
1.15759
1.16221
1.15918
1.15769
1.15825
1.16759
1.15837
1.17338
1.15905
1.16321
1.1588
1.15852
1.15858
1.15852
1.1613
1.15804
1.1592
1.15879
1.17543
1.1707
1.15887
1.15945
1.16321
1.1591
1.15785
1.15871
1.16856
1.15885
1.1582
1.15833
1.15853
1.1614
1.15939
1.16072
1.15838
1.16809
1.1585
1.1581
