19.564
19.263
19.254
19.236
19.251
19.265
19.197
19.168
19.196
19.181
19.123
19.253
19.229
19.180
19.122
19.178
19.191
19.123
19.198
19.128
19.104
19.104
19.099
19.094
19.319
19.152
19.203
19.117
19.227
19.172
19.157
19.231
19.200
19.158
19.121
19.242
19.383
19.258
19.220
19.172
19.168
19.170
19.114
19.285
19.174
19.381
19.307
19.272
19.355
19.197
19.134
19.117
19.029
18.977
19.072
19.092
19.188
19.218
19.239
19.108
19.089
19.221
19.174
19.226
19.114
19.133
19.050
19.240
19.108
19.169
19.249
19.244
19.196
19.302
19.251
19.278
19.287
19.191
19.156
19.219
19.256
19.190
19.176
19.060
19.085
19.151
19.069
19.124
19.161
19.160
19.296
19.315
19.205
19.307
19.265
19.385
19.187
19.383
19.186
19.153
