1.34486
1.31139
1.30826
1.30626
1.31204
1.33378
1.30846
1.30632
1.30577
1.32069
1.31288
1.31513
1.3083
1.30801
1.30791
1.30599
1.30527
1.30611
1.31312
1.30785
1.30576
1.30785
1.30566
1.3081
1.35363
1.30814
1.30538
1.30564
1.30803
1.30611
1.31314
1.30867
1.30711
1.31341
1.30799
1.30844
1.32161
1.3101
1.30552
1.30634
1.30801
1.30572
1.31267
1.30818
1.30662
1.30871
1.30613
1.30996
1.30865
1.32472
1.30732
1.30695
1.30699
1.30977
1.30681
1.31564
1.30838
1.33774
1.31384
1.30562
1.30805
1.32893
1.30783
1.30883
1.30793
1.30744
1.30826
1.3212
1.30554
1.30542
1.30564
1.30746
1.30787
1.31343
1.30859
1.30713
1.30998
1.30609
1.30738
1.3138
1.30799
1.30793
1.30693
1.30891
1.30748
1.30732
1.31973
1.30879
1.30967
1.30834
1.30742
1.30716
1.31319
1.30818
1.30869
1.3063
1.30777
1.30824
1.32161
1.30957
