0.813908
0.815624
0.814398
0.814704
0.813129
0.813763
0.814765
0.813129
0.813763
0.813314
0.825684
0.814355
0.81358
0.813704
0.815278
0.814992
0.813663
0.814888
0.814949
0.814665
0.819265
0.813457
0.815461
0.815092
0.814949
0.81501
0.815194
0.815237
0.813312
0.815094
0.830061
0.813273
0.815051
0.813518
0.815176
0.815012
0.813437
0.812965
0.815053
0.814745
0.845802
0.813743
0.815522
0.813888
0.814663
0.814173
0.819531
0.814398
0.814255
0.813722
0.831673
0.81452
0.8145
0.813518
0.814745
0.821922
0.815237
0.814684
0.813416
0.815051
0.820653
0.822659
0.814951
0.814357
0.813273
0.815461
0.813722
0.820265
0.81362
0.815359
0.830202
0.815563
0.815459
0.815973
0.814767
0.815788
0.815686
0.81591
0.815686
0.813559
0.846192
0.815318
0.815522
0.814459
0.814418
0.815359
0.815461
0.813049
0.814665
0.829447
0.815461
0.815788
0.813108
0.814561
0.813373
0.814847
0.814969
0.816443
0.813294
0.817506
