1.1679
1.15794
1.77857
1.67056
1.1623
1.15949
1.15876
1.17079
1.15919
1.1585
1.15868
1.18348
1.15934
1.15935
1.15874
1.29683
1.16009
1.15905
1.15913
1.159
1.16945
1.15905
1.15904
1.20088
1.26523
1.15882
1.16485
1.15931
1.2083
1.15963
1.15904
1.15945
1.20965
1.15879
1.1592
1.16709
1.18889
1.17798
1.15022
1.15799
1.14877
1.17918
1.16464
1.15868
1.15939
1.17537
1.15867
1.15919
1.31823
1.33338
1.15858
1.15821
1.15866
1.17726
1.15869
1.15876
1.159
1.17305
1.15939
1.15999
1.15897
1.17
1.15928
1.1588
1.15944
1.15884
1.16405
1.15875
1.15887
1.15841
1.17079
1.15904
1.15942
1.15882
1.16233
1.15898
1.16028
1.1583
1.16217
1.1585
1.18348
1.1655
1.16884
1.15879
1.1592
1.15926
1.15971
1.16229
1.16504
1.15866
1.15879
1.17704
1.16306
1.15863
1.1597
1.16353
1.15861
1.15895
1.15877
1.1616
