4.425
4.279
4.238
4.241
4.304
4.350
4.322
4.284
4.258
4.310
4.278
4.257
4.258
4.274
4.301
4.221
4.263
4.211
4.237
4.223
4.315
4.227
4.291
4.242
4.267
4.221
4.245
4.226
4.251
4.261
4.231
4.202
4.270
4.244
4.255
4.246
4.279
4.234
4.275
4.254
4.229
4.224
4.261
4.306
4.320
4.216
4.231
4.260
4.238
4.231
4.273
4.311
4.336
4.285
4.235
4.306
4.345
4.275
4.240
4.265
4.234
4.312
4.262
4.233
4.259
4.346
4.227
4.277
4.264
4.232
4.263
4.259
4.324
4.318
4.245
4.253
4.276
4.252
4.274
4.254
4.255
4.250
4.322
4.264
4.264
4.232
4.271
4.259
4.300
4.271
4.307
4.228
4.231
4.329
4.246
4.340
4.243
4.241
4.260
4.257
