8.269
6.246
6.135
8.946
5.641
5.139
5.231
5.547
5.385
5.385
5.376
5.232
5.378
5.237
5.486
5.409
5.388
5.173
5.453
5.793
5.500
5.275
5.462
5.391
5.456
5.594
5.313
5.142
5.242
5.238
5.178
5.116
5.175
5.183
5.253
5.274
5.264
5.358
5.243
5.654
5.627
5.356
5.642
5.230
5.086
5.334
5.324
5.243
5.234
5.616
5.596
5.453
5.238
5.235
5.104
5.306
5.318
5.476
5.170
5.252
5.228
5.521
5.130
5.203
5.199
5.580
5.242
5.553
5.560
5.511
5.324
5.425
5.508
6.410
5.211
5.103
5.220
5.166
5.162
5.124
5.195
5.508
5.431
5.131
5.235
5.242
5.286
5.240
5.425
5.225
5.420
5.172
5.306
5.415
5.187
5.350
6.194
5.244
5.253
5.376
