1.41308
1.4132
1.41376
1.41308
1.41301
1.41446
1.41395
1.41358
1.41251
1.41264
1.41345
1.41414
1.41257
1.55246
1.41314
1.4127
1.4132
1.41389
1.25327
0.90275
0.81815
0.818025
0.81865
0.818275
0.817837
0.817656
0.817963
0.818025
0.818712
0.8179
0.818406
0.817963
0.8184
0.818156
0.818462
0.818087
0.818469
0.818031
0.817712
0.895419
0.821662
0.818656
0.818462
0.8184
0.817781
0.817712
0.818344
0.818275
0.818712
0.817588
0.818469
0.8184
0.818025
0.818156
0.818525
0.818275
0.817844
0.818087
0.818025
0.817712
0.818837
0.817588
0.818213
0.818338
0.818094
0.817775
0.818338
0.818531
0.818469
0.842319
0.821656
0.821913
0.821788
0.8216
0.821287
0.822412
0.821719
0.821281
0.821662
0.822163
0.820656
0.821538
0.821725
0.822037
0.822475
0.821531
0.822781
0.821594
0.822031
0.821287
0.8221
0.821156
0.8226
0.822031
0.822037
0.817462
0.817469
0.818462
0.885838
0.821219
