0.814956
0.814081
0.813519
0.813831
0.813644
0.813394
0.814019
0.814644
0.814019
0.813956
0.813706
0.813894
0.814081
0.814206
0.813956
0.814019
0.813769
0.8139
0.813519
0.814206
0.813706
0.814456
0.814269
0.813956
0.813956
0.814019
0.836875
0.813894
0.814081
0.813644
0.813581
0.813581
0.813394
0.814081
0.813019
0.814519
0.813519
0.814269
0.813956
0.814019
0.813769
0.814525
0.813894
0.813269
0.813894
0.813956
0.814519
0.814837
0.814581
0.814519
0.813956
0.814019
0.814081
0.814081
0.814081
0.814769
0.813956
0.813831
0.813769
0.814081
0.813769
0.813769
0.813581
0.813894
0.813956
0.813394
0.814019
0.813831
0.814644
0.814144
0.813894
0.813144
0.813581
0.814081
0.813769
0.814081
0.813831
0.813706
0.813394
1.42736
0.813956
0.813644
0.813894
0.813081
0.813581
0.833744
0.814456
0.814081
0.813206
0.814019
0.813837
0.814081
0.813831
0.814019
0.813831
0.813769
0.8144
0.813831
0.814462
0.813394
