4.774
5.031
4.674
4.692
4.708
4.618
3.938
2.678
2.703
2.703
2.720
2.775
2.706
2.816
2.737
2.907
2.679
2.709
2.804
2.738
2.738
2.736
2.749
2.754
2.736
2.736
2.767
2.737
2.737
2.737
2.746
2.737
2.954
2.737
2.752
2.773
2.737
2.736
2.728
2.703
2.703
2.704
2.711
2.719
2.702
2.706
2.712
2.703
2.933
2.737
2.743
2.736
2.736
2.737
2.745
2.734
2.737
2.737
2.755
2.736
2.737
2.737
2.744
2.737
2.752
2.949
2.744
2.736
2.737
2.737
2.735
2.704
2.705
2.705
2.715
2.704
2.706
2.706
2.711
2.705
2.705
2.704
2.926
2.705
2.720
2.737
2.715
2.705
2.705
2.705
2.723
2.705
2.704
2.705
2.714
2.704
2.704
2.715
2.761
2.884
