4.404
4.145
4.129
4.131
4.172
4.125
4.260
4.129
4.124
4.117
4.145
4.119
4.123
4.119
4.154
4.119
4.132
4.116
4.139
4.119
4.125
4.116
4.129
4.116
4.153
4.117
4.124
4.112
4.130
4.115
4.122
4.125
4.134
4.112
4.271
4.123
4.134
4.112
4.141
4.123
4.126
4.117
4.123
4.326
4.160
4.115
4.127
4.139
4.126
4.126
4.113
4.136
4.124
4.129
4.142
4.187
4.146
4.135
4.120
4.131
4.115
4.140
4.116
4.132
4.126
4.137
4.114
4.128
4.117
4.136
4.117
4.133
4.121
4.142
4.118
4.139
4.116
4.130
4.116
4.132
4.123
4.140
4.123
4.146
4.119
4.137
4.111
4.137
4.116
4.127
4.114
4.143
4.266
4.169
4.115
4.147
4.114
4.126
4.118
4.130
