0.817244
0.843575
0.815694
0.816884
0.816867
0.81773
0.816195
0.817259
0.827684
0.817275
0.815836
0.8156
0.81607
0.816525
0.816478
0.816492
0.821048
0.817339
0.910591
0.817652
0.816634
0.816211
0.816117
0.850306
0.830755
0.814911
0.815709
0.815444
0.815945
0.831442
0.81787
1.09487
1.10686
0.815883
0.816963
0.815617
0.82313
0.833289
0.817509
0.815192
0.81668
0.816289
0.967806
0.816055
0.817025
0.828453
0.817228
0.815991
0.815836
0.815695
0.815553
0.824664
0.8419
0.81405
0.816775
0.815991
0.825353
0.815459
0.81582
0.815506
0.821612
0.816164
0.930205
0.815241
0.815944
0.817384
0.816775
0.82792
0.816416
0.815069
0.816712
0.8156
0.816023
0.815288
0.816508
0.821878
0.816008
0.815944
0.81643
0.817228
0.864645
0.816617
0.844733
0.816055
0.818184
0.815977
0.816461
0.816133
0.815022
0.817308
0.818402
0.81748
0.816039
0.816961
0.817119
0.817402
0.816508
0.815914
0.820406
0.816055
