2.54514
2.77182
2.67704
2.5819
2.6964
2.70334
2.58275
2.52667
2.56325
2.5448
2.52842
2.54414
2.54658
2.53466
2.53192
2.53285
2.59183
2.66684
2.6204
2.56448
2.53699
2.52597
2.54408
2.54012
2.66471
2.70989
2.58622
2.55496
2.56056
2.57651
2.62209
2.55253
2.52408
2.68533
2.64431
2.531
2.54175
2.55401
2.52399
2.5173
2.50614
2.5156
2.51583
2.50261
2.5222
2.50539
2.49668
2.51058
2.48647
2.574
2.68235
2.60111
2.51259
2.54377
2.5131
2.53827
2.66911
2.56744
2.50333
2.52074
2.5196
2.52036
2.61188
2.52546
2.48687
2.54428
2.66623
2.55546
2.542
2.66556
2.58867
2.52964
2.51859
2.54978
2.50925
2.51709
2.49447
2.51287
2.50775
2.47985
2.49772
2.52918
2.66108
2.54792
2.51647
2.50807
2.49536
2.49022
2.5142
2.59461
2.57318
2.51479
2.48836
2.50506
2.54555
2.61044
2.52904
2.5138
2.62959
2.60037
