3.453
3.588
3.548
3.549
3.578
3.568
3.563
3.555
3.560
3.505
3.558
3.614
3.703
3.766
3.764
3.771
3.772
3.707
3.753
3.747
3.740
3.767
3.777
3.779
3.713
3.771
3.847
3.804
3.790
3.781
3.756
3.764
3.778
3.740
3.772
3.774
3.791
3.780
3.778
3.756
3.711
3.760
3.763
3.771
3.774
3.639
3.751
3.694
3.766
3.769
3.798
3.781
3.490
3.573
3.564
3.578
3.566
3.675
3.721
3.698
3.627
3.722
3.730
3.723
3.725
3.723
3.728
3.719
3.753
3.641
3.707
3.597
3.649
3.672
3.714
3.732
3.715
3.631
3.703
3.722
3.747
3.599
3.730
3.726
3.737
3.684
3.754
3.739
3.730
3.723
3.725
3.743
3.726
3.721
3.720
3.705
3.631
3.623
3.675
3.721
