7.330
7.060
7.058
7.182
5.707
4.086
4.075
4.084
4.121
4.078
4.130
4.092
4.082
4.085
4.094
4.086
4.084
4.084
4.086
4.073
4.135
4.083
4.077
4.087
4.081
4.076
4.087
4.096
4.088
4.090
4.081
4.085
4.077
4.128
4.087
4.086
4.087
4.085
4.076
4.101
4.079
4.116
4.086
4.081
4.370
4.118
4.084
4.348
4.077
4.088
4.085
4.099
4.089
4.075
4.363
4.882
4.904
4.875
4.881
4.881
4.874
4.929
4.080
4.072
4.303
4.712
4.708
4.735
4.714
4.748
4.749
4.090
4.070
4.173
4.085
4.080
4.090
4.080
4.092
4.102
4.073
4.084
4.085
4.082
4.089
4.123
4.144
4.081
4.078
4.271
4.901
5.456
5.455
5.454
5.454
5.493
4.819
4.850
4.820
4.817
