8.489
6.155
6.254
6.313
6.184
6.276
5.331
5.270
5.246
5.254
5.316
5.433
5.412
5.506
5.424
5.396
5.479
5.406
5.501
5.410
5.487
5.412
5.480
5.484
5.489
5.410
5.474
5.408
5.476
5.435
5.499
5.413
5.479
5.464
5.468
5.411
5.465
5.409
5.470
5.428
5.459
5.412
5.402
5.238
5.292
5.218
5.305
5.080
5.095
5.081
5.070
5.082
5.104
5.221
5.239
5.414
5.331
5.402
5.334
5.389
5.349
5.385
5.335
5.389
5.333
5.445
5.453
5.381
5.334
5.366
5.349
5.357
5.337
5.362
5.334
5.408
5.334
5.341
5.334
5.334
5.242
5.116
5.237
5.105
5.191
5.104
5.229
5.203
5.368
5.332
5.376
5.351
5.359
5.335
5.357
5.336
5.385
5.348
5.345
5.337
