1.57009
1.59219
1.58851
1.72803
1.57582
1.52011
1.50506
1.50809
1.55078
1.51457
1.5025
1.55204
1.53577
1.50912
1.51751
1.50447
1.50011
1.51828
1.51677
1.53677
1.56976
1.55276
1.51968
1.4963
1.52678
1.50139
1.49598
1.5101
1.49959
1.49305
1.49944
1.50094
1.49169
1.50814
1.57274
1.49846
1.47794
1.4966
1.52691
1.55165
1.51624
1.47777
1.46212
1.47023
1.46857
1.49044
1.4922
1.5111
1.47237
1.46102
1.48911
1.46828
1.46021
1.50497
1.47119
1.46214
1.46195
1.4935
1.47102
1.46215
1.47477
1.46593
1.46039
1.47326
1.46835
1.4673
1.46287
1.49258
1.46825
1.47646
1.48443
1.46926
1.46367
1.47683
1.47266
1.46002
1.46198
1.47918
1.46225
1.46593
1.52382
1.53656
1.47121
1.47697
1.5087
1.50454
1.45948
1.47802
1.46903
1.46844
1.47808
1.46175
1.45162
1.45887
1.45601
1.45167
1.44722
1.46405
1.45308
1.45433
