1.21856
1.19018
1.16663
1.23903
1.18848
1.16796
1.17734
1.16616
1.17315
1.168
1.18231
1.16474
1.16646
1.16749
1.16804
1.18057
1.1693
1.16677
1.16256
1.16751
1.16843
1.16718
1.18274
1.16219
1.16579
1.16769
1.16804
1.16798
1.19914
1.16777
1.16849
1.16783
1.16648
1.16773
1.16722
1.17376
1.16393
1.16882
1.16724
1.1673
1.16747
1.16765
1.18329
1.16667
1.16955
1.1619
1.16472
1.16773
1.1681
1.17194
1.16855
1.16726
1.16834
1.16698
1.16898
1.17942
1.18501
1.16877
1.16986
1.16652
1.16753
1.16926
1.17004
1.17151
1.16757
1.16906
1.16792
1.16669
1.16916
1.16943
1.17159
1.36338
1.1655
1.16757
1.1671
1.16704
1.16847
1.1755
1.16934
1.16787
1.16879
1.16706
1.16661
1.16751
1.17147
1.16804
1.16841
1.16867
1.16896
1.16839
1.16875
1.18037
1.16585
1.16814
1.16683
1.16912
1.16943
1.16949
1.17401
1.16898
