0.81561
0.817217
0.814421
0.823748
0.813865
0.813779
0.813617
0.814458
0.813864
0.831652
0.817612
0.813283
0.81452
0.816301
0.815472
0.820902
0.813767
0.813642
0.816042
0.813667
0.81567
0.825516
0.813901
0.814507
0.813975
0.813517
0.813827
0.817884
0.814867
0.814112
0.817415
0.81363
0.81379
0.844837
0.81588
0.816412
0.814001
0.813914
0.815781
0.82444
0.816846
0.8142
0.81394
0.816759
0.81598
0.819616
0.813964
0.814322
0.815633
0.813643
0.815089
0.81953
0.813975
0.816227
0.815942
0.81462
0.81577
0.823278
0.813765
0.813815
0.81603
0.875028
0.815695
0.818899
0.81624
0.814137
0.815979
0.814705
0.816536
0.818368
0.815522
0.813568
0.813631
0.81426
0.813778
0.824168
0.814532
0.816388
0.816079
0.814026
0.81656
0.819084
0.815744
0.814421
0.815177
0.816375
0.814112
0.816833
0.8164
0.813853
0.81426
0.816104
0.814385
0.822399
0.8164
0.815843
0.816548
0.816698
0.813841
0.81692
