6.573
6.573
6.552
6.586
6.144
3.676
3.703
3.682
3.687
3.687
3.704
3.691
3.687
3.708
3.692
3.686
3.697
3.687
3.702
3.692
3.677
3.677
3.679
3.675
3.674
3.680
3.674
3.696
3.691
3.682
3.686
3.679
3.687
3.689
3.704
3.682
3.684
3.678
3.762
3.678
3.700
3.673
3.688
3.681
3.673
3.674
3.691
3.684
3.703
3.692
3.676
3.682
3.692
3.684
3.685
3.690
3.683
3.684
3.690
3.689
3.701
3.939
3.953
3.944
3.692
3.687
3.685
3.791
3.672
3.672
3.700
3.683
3.685
3.692
3.687
3.682
3.688
3.684
3.698
3.694
3.674
3.679
3.692
3.684
3.684
3.680
3.674
3.675
3.704
3.683
3.683
3.679
3.683
3.683
3.705
3.683
3.682
3.677
3.673
3.687
