2.48997
2.53427
2.44406
2.40241
2.45054
2.42929
2.48912
2.59303
2.48221
2.42635
2.44385
2.42807
2.41803
2.48704
2.47871
2.42611
2.42254
2.42559
2.42042
2.39995
2.42816
2.41086
2.4051
2.41537
2.42217
2.42212
2.42631
2.40036
2.40041
2.41437
2.42106
2.47498
2.42191
2.41933
2.41577
2.40947
2.39646
2.39794
2.4205
2.4153
2.47752
2.5476
2.44393
2.42499
2.42087
2.41602
2.40323
2.42871
2.41685
2.40105
2.41957
2.53833
2.5452
2.40217
2.3931
2.40371
2.39848
2.41524
2.49737
2.41803
2.38831
2.36252
2.39194
2.38212
2.35732
2.37825
2.38687
2.41234
2.46394
2.43162
2.38668
2.39434
2.5041
2.44131
2.44369
2.54003
2.39927
2.39378
2.41648
2.42615
2.38225
2.38537
2.36834
2.35405
2.39661
2.38715
2.37293
2.36083
2.39734
2.38262
2.35935
2.40421
2.37548
2.36402
2.35886
2.40393
2.3738
2.35031
2.40154
2.37522
