1.52624
1.48399
1.45752
1.50566
1.46779
1.4668
1.49796
1.46817
1.46193
1.48446
1.4782
1.4594
1.45368
1.49088
1.4566
1.45454
1.47447
1.46776
1.45599
1.46132
1.46193
1.44962
1.45249
1.50606
1.4778
1.45486
1.47835
1.48752
1.45992
1.48229
1.47274
1.43626
1.43975
1.45371
1.43803
1.4382
1.44572
1.43844
1.44121
1.43599
1.44593
1.43787
1.43703
1.44404
1.4399
1.4361
1.44188
1.44178
1.43338
1.43577
1.45903
1.44195
1.43664
1.4498
1.44592
1.44256
1.43693
1.47166
1.43919
1.43621
1.48022
1.48023
1.45104
1.45544
1.45865
1.44559
1.47822
1.46766
1.44685
1.44138
1.45296
1.44554
1.44122
1.4536
1.45156
1.44309
1.44764
1.45551
1.44565
1.43949
1.4588
1.45119
1.44321
1.44222
1.46812
1.45575
1.44358
1.46252
1.44886
1.44483
1.44898
1.44554
1.4434
1.44304
1.46767
1.45452
1.4768
1.47532
1.44269
1.42693
