1.22649
1.23086
1.22681
1.2244
1.23314
1.2325
1.25759
1.23635
1.23984
1.22076
1.18437
1.18221
1.18473
1.18417
1.18353
1.18437
1.18085
1.17676
1.18036
1.1812
1.2012
1.17776
1.17712
1.17784
1.182
1.18481
1.17588
1.18565
1.18216
1.18088
1.17764
1.1754
1.18449
1.26472
1.17908
1.17724
1.17836
1.18189
1.17696
1.18201
1.17968
1.17599
1.18509
1.17644
1.18201
1.17708
1.19816
1.17708
1.18164
1.17676
1.18501
1.18509
1.17588
1.18137
1.17608
1.17628
1.17756
1.1766
1.17648
1.17608
1.19583
1.18409
1.18405
1.18128
1.18369
1.17688
1.17587
1.18341
1.17567
1.17668
1.18357
1.17936
1.18413
1.20557
1.18161
1.18229
1.18473
1.18293
1.17596
1.17596
1.17696
1.18433
1.17556
1.17587
1.18429
1.18321
1.19507
1.17732
1.17692
1.1762
1.17728
1.17728
1.17539
1.17676
1.17928
1.18521
1.17564
1.1762
1.18133
1.17992
