3.494
3.451
3.439
3.549
3.503
3.546
3.679
3.567
3.557
3.698
4.112
3.718
4.074
4.307
4.169
4.153
4.270
4.279
4.147
4.303
4.287
4.138
3.783
3.627
3.549
3.370
3.342
3.291
3.563
6.076
4.382
3.468
3.681
3.635
4.223
4.109
3.690
4.233
4.459
4.474
4.024
3.556
4.227
4.128
3.642
4.351
4.222
6.419
4.388
4.429
3.967
3.714
3.978
3.643
3.669
4.072
4.105
6.234
4.080
3.477
3.770
3.630
3.725
3.805
3.784
3.768
3.817
3.710
3.622
3.688
3.709
3.786
3.481
3.661
3.635
3.616
4.134
3.651
3.496
3.666
4.067
4.265
4.298
3.695
3.674
3.661
3.660
3.688
3.372
3.675
4.063
3.684
3.477
3.419
3.621
3.495
6.042
6.321
6.319
6.309
