20.104
19.737
19.532
19.488
19.535
19.536
19.596
19.547
19.662
19.595
19.574
19.493
19.448
19.636
19.657
19.524
19.646
19.587
19.464
19.557
19.622
19.458
19.504
19.601
20.674
19.529
19.554
19.495
19.595
19.561
19.554
19.555
19.591
19.469
19.733
19.680
19.626
20.002
19.610
19.452
19.504
19.436
19.446
19.455
19.536
19.669
19.533
19.579
19.520
19.533
19.607
19.623
19.533
19.541
19.597
19.609
19.464
19.611
19.510
19.481
19.455
19.460
19.514
19.640
19.625
19.492
19.625
19.764
19.553
19.617
19.671
19.574
19.636
19.476
19.634
19.766
19.672
19.679
19.680
19.577
19.620
20.299
19.596
19.519
19.579
19.507
19.536
19.522
19.507
19.593
19.524
19.492
19.472
19.425
19.481
19.570
19.474
19.777
19.566
19.576
