0.814019
0.813575
0.846497
0.813408
0.813853
0.813714
0.813769
0.813825
0.813408
0.812933
0.813908
0.813825
0.814131
0.813464
0.813353
0.822925
0.814269
0.814436
0.814717
0.813547
0.813686
0.813353
0.813269
0.813853
0.813408
0.813908
0.81385
0.813825
0.819892
0.813683
0.813294
0.81605
0.813575
0.813517
0.814131
0.813742
0.813381
0.813353
0.81455
0.814019
0.813769
0.813436
0.833639
0.813131
0.813992
0.817331
0.813964
0.813797
0.813628
0.813544
0.813489
0.814408
0.813353
0.813603
0.813547
0.820922
0.81335
0.813992
0.813825
0.813908
0.813992
0.814103
0.813464
0.813822
0.814325
0.813769
0.813603
0.813603
0.813714
0.845244
0.813769
0.813797
0.813797
0.813825
0.813489
0.813547
0.813992
0.813742
0.813575
0.814214
0.813492
0.813881
0.824511
0.813211
0.813906
0.814103
0.813572
0.814908
0.813881
0.813742
0.880867
0.814353
0.818053
0.813992
0.813822
0.813853
0.841683
0.813406
0.815522
0.813353
