0.81589
0.816116
0.833127
0.814602
0.813294
0.815337
0.815073
0.813682
0.813029
0.815359
0.815461
0.81311
0.843063
0.815767
0.813171
0.815931
0.813212
0.814133
0.816012
0.815643
0.814908
0.820102
0.81411
0.813253
0.815584
0.813376
0.815378
0.813029
0.816053
0.813518
0.815339
0.832739
0.814827
0.81491
0.813457
0.81542
0.813847
0.815522
0.8127
0.813212
0.814765
0.819549
0.815033
0.816114
0.815092
0.815727
0.813376
0.815278
0.815747
0.816504
0.813786
0.823027
0.813171
0.815153
0.815441
0.813006
0.814398
0.812965
0.813151
0.813314
0.840447
0.844761
0.814437
0.812945
0.8154
0.815604
0.816012
0.813131
0.81499
0.813396
0.814969
0.822002
0.815296
0.815686
0.813192
0.814069
0.815441
0.815665
0.815237
0.813539
0.815439
0.821124
0.815257
0.814931
0.815686
0.815522
0.813539
0.81542
0.816543
0.813376
0.813273
0.826298
0.814951
0.812986
0.813171
0.812865
0.8155
0.81491
0.815461
0.814296
