1.76094
1.82802
1.73117
1.7728
1.80368
1.77571
1.73081
1.72263
1.72556
1.74856
1.77682
1.73024
1.76084
1.80598
1.75977
1.742
1.71352
1.74057
1.71815
1.76984
1.71791
1.73036
1.72555
1.72335
1.84995
1.76212
1.7726
1.78927
1.78058
1.74912
1.74495
1.75206
1.73009
1.7584
1.73617
1.75974
1.72101
1.72581
1.73765
1.722
1.71745
1.74816
1.80603
1.80948
1.81991
1.74903
1.75651
1.74891
1.73762
1.74499
1.73238
1.79905
1.76783
1.76434
1.75999
1.79181
1.77688
1.75785
1.76059
1.74415
1.76792
1.75062
1.76625
1.77946
1.78778
1.78347
1.751
1.74589
1.73512
1.80159
1.83509
1.78938
1.75915
1.76521
1.76537
1.75145
1.75366
1.74145
1.77338
1.74609
1.76859
1.75305
1.75696
1.75272
1.74448
1.78584
1.75037
1.77431
1.75995
1.78151
1.8005
1.76856
1.75851
1.75637
1.79376
1.75249
1.79174
1.7919
1.82169
1.77705
