3.829
3.690
3.707
3.773
3.696
3.748
3.766
3.831
3.771
3.788
3.826
3.793
3.826
3.768
3.840
3.767
3.767
3.787
3.827
3.766
3.780
3.767
3.766
3.700
3.782
3.827
3.778
3.766
3.826
3.797
3.850
3.788
3.767
3.826
3.832
3.826
3.807
3.849
3.767
3.785
3.835
3.698
3.774
3.708
3.767
3.702
3.790
3.827
3.826
3.704
3.767
3.767
3.830
3.840
3.827
3.780
3.826
3.768
3.774
3.767
3.825
3.704
3.696
3.685
3.764
3.824
3.824
3.780
3.708
3.772
3.829
3.767
3.831
3.766
3.827
3.782
3.827
3.766
3.772
3.767
3.768
3.732
3.697
3.709
3.774
3.825
3.767
3.839
3.827
3.767
3.833
3.770
3.820
3.777
3.825
3.818
3.835
3.825
3.772
3.769
