22.906
22.595
22.578
22.589
22.651
22.627
22.537
22.574
22.605
22.632
22.526
22.513
22.542
22.647
22.631
22.535
22.434
22.638
22.579
22.527
22.460
22.483
22.626
22.579
22.483
22.425
22.621
22.621
23.301
22.595
22.458
22.666
22.497
22.475
22.452
22.560
22.629
22.492
22.508
22.549
22.607
22.569
22.459
22.461
22.562
22.504
22.485
22.487
22.610
23.158
23.689
22.895
22.788
23.002
23.004
23.184
22.570
22.681
23.148
22.651
22.597
22.647
22.568
22.606
22.568
22.629
22.679
22.534
22.449
22.505
23.008
22.449
23.603
22.560
22.493
22.720
22.519
22.483
22.436
22.575
22.593
22.550
23.597
22.604
22.604
22.579
22.514
22.607
22.709
22.613
22.569
22.558
22.634
22.600
22.549
22.476
22.565
22.621
22.565
22.535
