2.56948
2.71037
2.64571
2.62264
2.68399
2.63949
2.61706
2.60174
2.59705
2.59768
2.60994
2.60428
2.58263
2.5842
2.63084
2.65265
2.64713
2.76337
3.10624
2.681
2.6192
2.60814
2.58733
2.58414
2.58812
2.60357
2.58461
2.5771
2.57213
2.61183
2.58614
2.58699
2.5859
2.57431
2.60331
2.59394
2.57549
2.57306
2.61492
2.58735
2.58595
2.59574
2.58175
2.61058
2.59237
2.65159
2.66128
2.59123
2.63247
2.60668
2.5832
2.63271
2.66057
2.58927
2.57291
2.57265
2.54564
2.58569
2.55623
2.55997
2.57539
2.54323
2.58062
2.56671
2.55057
2.54204
2.58251
2.56427
2.57058
2.57021
2.54976
2.54963
2.56683
2.5744
2.54208
2.58932
2.5668
2.56502
2.61756
2.58911
2.57312
2.59219
2.59368
2.56495
2.55367
2.57171
2.5572
2.55748
2.52767
2.5772
2.55871
2.55354
2.57039
2.54228
2.57193
2.56792
2.5496
2.99336
3.64599
4.14333
