1.15663
1.17651
1.15565
1.15243
1.16053
1.15274
1.15328
1.15925
1.15279
1.16053
1.15299
1.16566
1.17041
1.16172
1.16862
1.16771
1.1612
1.1601
1.17747
1.16145
1.16974
1.18087
1.16089
1.16079
1.16161
1.16695
1.19504
1.1624
1.17429
1.161
1.16079
1.1671
1.16076
1.16107
1.16115
1.16637
1.16057
1.16107
1.17281
1.16167
1.16186
1.16177
1.16602
1.16111
1.16084
1.1709
1.16061
1.16036
1.16692
1.16555
1.16178
1.16124
1.17099
1.16402
1.16518
1.16617
1.1621
1.16185
1.16082
1.17285
1.16217
1.1605
1.16508
1.16131
1.16187
1.17258
1.16101
1.16404
1.1614
1.19714
1.16196
1.16121
1.16587
1.16165
1.16056
1.16082
1.17364
1.18109
1.16117
1.16746
1.16274
1.1604
1.17472
1.15985
1.21463
1.15542
1.16159
1.15169
1.15284
1.15657
1.15276
1.15157
1.15262
1.16618
1.1523
1.15215
1.15824
1.15443
1.1521
1.15234
