4.884
4.623
4.657
3.082
2.672
2.671
2.699
2.752
2.707
2.704
2.711
2.704
2.704
2.704
2.740
2.701
2.703
2.702
2.702
2.729
2.736
2.736
2.735
2.728
2.706
2.706
2.706
2.715
2.752
2.707
2.724
2.734
2.707
2.707
2.707
2.715
2.707
2.708
2.707
2.713
2.724
2.738
2.739
2.739
2.707
2.708
2.708
2.713
2.747
2.707
2.707
2.725
2.707
2.706
2.707
2.713
2.706
2.706
2.707
2.730
2.737
2.738
2.738
2.746
2.706
2.707
2.707
2.715
2.707
2.722
2.706
2.723
2.707
2.706
2.707
2.713
2.707
2.707
2.708
2.705
2.726
2.706
2.707
2.707
2.714
2.706
2.706
2.708
2.725
2.720
2.708
2.706
2.714
2.707
2.706
2.707
2.712
2.707
2.706
2.706
