2.869
2.774
2.784
2.792
2.769
2.783
2.767
2.765
2.758
2.776
2.795
2.801
2.796
2.787
2.787
2.759
2.762
2.768
2.755
2.758
2.763
2.764
2.754
2.769
2.754
2.768
2.766
2.773
2.777
2.770
2.767
2.757
2.776
2.766
2.753
2.779
2.765
2.774
2.774
2.767
2.755
2.762
2.776
2.762
2.760
2.749
2.768
2.765
2.766
2.767
2.762
2.777
2.756
2.758
2.753
2.772
2.765
2.764
2.760
2.751
2.766
2.754
2.759
2.752
2.777
2.775
2.757
2.761
2.754
2.772
2.756
2.756
2.753
2.758
2.781
2.755
2.764
2.758
2.761
2.758
2.769
2.762
2.753
2.773
2.758
2.774
2.754
2.762
2.753
2.757
2.767
2.755
2.787
2.760
2.771
2.758
2.760
2.753
2.754
2.770
