7.085
7.038
6.997
6.699
4.051
4.055
4.054
4.055
4.055
4.081
4.082
4.058
4.054
4.056
4.090
4.074
4.054
4.078
4.064
4.055
4.054
4.053
4.187
4.059
4.073
4.054
4.110
4.077
4.056
4.052
4.123
4.056
4.055
4.056
4.069
4.057
4.055
4.055
4.088
4.056
4.056
4.053
4.110
4.055
4.081
4.054
4.076
4.052
4.050
4.051
4.066
4.093
4.052
4.102
4.057
4.050
4.052
4.062
4.051
4.052
4.054
4.086
4.051
4.201
4.052
4.088
4.053
4.054
4.053
4.059
4.053
4.052
4.053
4.072
4.059
4.059
4.060
4.080
4.056
4.056
4.056
4.086
4.056
4.060
4.061
4.083
4.055
4.057
4.053
4.066
4.055
4.056
4.053
4.097
4.050
4.051
4.051
4.062
4.052
4.051
