4.058
4.241
5.272
5.058
3.769
3.713
3.825
3.600
3.691
3.647
3.668
3.718
4.202
4.301
3.796
3.733
3.744
3.750
3.578
3.669
4.233
4.085
3.601
3.768
3.748
3.794
3.644
3.755
4.240
3.739
3.574
3.494
3.740
4.046
3.752
3.722
4.230
4.273
3.889
3.601
3.686
3.705
4.235
6.249
4.025
3.615
4.315
4.190
3.713
3.870
4.011
4.024
3.697
3.634
3.606
3.768
3.619
4.062
4.112
4.052
3.776
3.495
3.623
3.988
3.970
3.532
3.694
4.208
4.218
4.142
4.280
4.150
4.211
6.068
4.118
4.159
3.665
3.621
4.034
3.735
3.706
5.191
3.752
3.688
3.737
3.712
4.036
4.058
4.025
3.570
3.995
4.244
4.223
4.192
6.192
4.415
4.017
3.703
3.913
3.662
