0.81765
0.81815
0.8169
0.817462
0.818712
0.846894
0.819031
0.820656
0.817275
0.817213
0.820781
0.820906
0.817462
0.82085
0.820781
0.817594
0.818906
0.818031
0.817087
0.817594
0.817525
0.820469
0.818344
0.8179
0.821225
0.818525
0.816775
0.818094
0.820781
0.817406
0.820781
0.82085
0.818344
0.817525
0.819781
0.83975
0.817525
0.817462
0.81865
0.818588
0.820719
0.819837
0.817338
0.821156
0.820594
0.81815
0.820156
0.820031
0.818281
0.818087
0.817837
0.820906
0.866931
0.838256
0.817275
0.819281
0.8179
0.818275
0.818525
0.820844
0.819462
0.818025
0.820969
0.817775
0.879831
0.816837
0.819719
0.8179
0.820531
0.818344
0.817525
0.820219
0.8184
0.8206
0.818213
0.817588
0.816775
0.817025
0.819462
0.818525
0.821344
0.820975
0.817525
0.821538
0.818156
0.820469
0.81765
0.821094
0.820469
0.820656
0.817338
0.817906
0.821031
0.821163
0.817775
0.81815
0.816831
0.821469
0.820656
0.820344
