3.993
5.355
5.650
5.408
5.711
4.260
5.358
5.697
4.237
5.603
5.832
4.626
5.330
5.295
3.917
5.317
5.542
5.699
5.616
5.323
4.716
5.685
5.014
5.831
4.365
5.594
5.806
5.605
5.280
5.047
5.816
5.108
4.644
4.258
5.470
5.320
5.700
4.270
5.824
4.764
5.685
4.310
4.746
5.782
4.629
5.075
5.448
4.967
5.692
5.051
5.821
6.764
5.072
4.350
5.441
5.327
5.772
4.968
5.702
4.621
5.713
4.534
5.188
4.274
5.672
4.179
5.777
4.277
5.694
4.257
5.703
4.310
5.713
5.314
5.765
4.912
5.720
4.286
5.841
4.829
5.718
5.467
5.818
4.123
4.274
5.345
5.695
4.328
5.797
4.959
5.468
5.386
5.829
5.596
4.787
4.905
5.293
4.633
4.628
5.752
