1.21487
1.21547
1.22048
1.22901
1.2216
1.22942
1.22869
1.23743
1.16482
1.16614
1.16778
1.17291
1.17736
1.179
1.1776
1.17844
1.18393
1.18501
1.18305
1.18132
1.20481
1.1861
1.17756
1.1784
1.1812
1.17744
1.181
1.18782
1.18389
1.17712
1.18165
1.17968
1.1883
1.19567
1.1802
1.18281
1.18425
1.18016
1.17555
1.18333
1.17728
1.18305
1.18036
1.18
1.18549
1.1869
1.18441
1.21242
1.18445
1.17732
1.1808
1.18365
1.17996
1.1814
1.17684
1.18221
1.17956
1.17528
1.17608
1.18233
1.19828
1.17856
1.17888
1.17643
1.17632
1.18722
1.1772
1.18758
1.17668
1.18317
1.17596
1.17736
1.17652
1.21968
1.17656
1.1766
1.17595
1.1776
1.17888
1.17624
1.17828
1.17668
1.17704
1.17928
1.17936
1.18381
1.18493
1.19824
1.1816
1.17976
1.18181
1.18521
1.18361
1.17652
1.17608
1.17672
1.18522
1.177
1.17988
1.18349
