1.27397
1.16148
1.16371
1.18257
1.16104
1.16393
1.16905
1.16469
1.16027
1.16592
1.1634
1.16183
1.16026
1.18771
1.31699
1.21369
1.17008
1.1595
1.15986
1.1771
1.1658
1.16275
1.16079
1.16902
1.15908
1.16352
1.17977
1.15973
1.25536
1.16388
1.16449
1.16042
1.1606
1.16495
1.1619
1.16025
1.17482
1.15879
1.16465
1.15905
1.16749
1.15971
1.24397
1.17135
1.163
1.1609
1.17009
1.16016
1.1599
1.16421
1.16868
1.16087
1.16435
1.17306
1.1634
1.16427
1.16702
1.24851
1.16071
1.1616
1.1693
1.16438
1.1637
1.16757
1.16087
1.16321
1.16296
1.17552
1.16279
1.16309
1.17105
1.31123
1.22015
1.2059
1.16068
1.16438
1.16146
1.16746
1.16062
1.16054
1.19229
1.22101
1.19145
1.16508
1.1695
1.25471
1.16165
1.16664
1.16209
1.16298
1.1682
1.2143
1.16195
1.16127
1.16908
1.16161
1.16379
1.17531
1.16856
1.31661
