11.690
8.871
8.768
8.930
8.809
8.693
8.829
8.797
8.941
9.000
8.983
9.096
9.061
9.008
9.081
11.090
9.493
9.376
9.339
9.427
9.259
9.039
8.966
8.847
8.695
8.937
8.775
8.845
8.862
8.778
8.888
8.871
8.706
8.806
8.750
8.733
8.693
8.760
8.874
8.791
8.768
8.773
10.488
8.809
8.779
8.793
8.836
8.832
8.956
8.753
8.789
8.795
9.055
9.123
9.025
8.926
8.965
8.998
9.012
8.979
9.000
9.023
8.972
8.909
8.986
9.023
8.886
9.077
9.035
8.986
8.945
9.056
8.943
8.995
9.069
8.939
9.048
9.002
8.954
9.263
10.015
8.807
8.864
8.910
8.834
8.854
8.769
8.788
9.090
8.971
9.098
9.373
8.962
9.076
9.009
9.044
9.000
8.999
8.966
9.074
