3.392
3.406
3.912
5.761
6.274
6.307
6.352
4.683
3.943
4.204
4.018
5.792
5.408
4.022
5.783
5.798
4.017
4.029
5.781
6.334
6.355
6.352
6.288
6.311
6.332
6.263
6.291
6.260
6.259
6.291
6.019
4.024
5.788
4.039
5.775
6.261
6.259
6.261
6.288
6.273
6.356
6.325
6.360
4.987
4.023
5.804
6.332
6.355
6.336
6.359
6.354
5.857
4.021
5.793
6.366
6.348
6.290
6.320
6.350
6.349
6.360
6.352
5.395
4.025
5.792
5.782
4.019
5.786
6.367
4.963
4.058
5.783
6.347
6.349
5.567
4.026
5.796
6.353
6.348
4.214
5.766
6.344
4.210
5.796
6.351
4.181
5.786
3.944
4.673
4.009
5.772
5.728
4.046
5.771
6.328
6.342
6.315
6.334
5.669
4.025
