0.819914
0.819789
0.815831
0.817736
0.825565
0.819098
0.817798
0.841447
0.817489
0.815967
0.822511
0.81619
0.817921
0.816327
0.816525
0.815843
0.83029
0.81692
0.817056
0.815696
0.816389
0.816228
0.838491
0.817933
0.815832
0.816301
0.816364
0.817105
0.828286
0.81713
0.817316
0.816363
0.815498
0.815757
0.821298
0.815707
0.816647
0.817426
0.817401
0.81624
0.820828
0.816511
0.81567
0.815894
0.816277
0.816264
0.828744
0.817736
0.816364
0.817304
0.816327
0.817316
0.821077
0.81723
0.816326
0.8176
0.817489
0.817785
0.826567
0.818194
0.817452
0.816833
0.818158
0.817019
0.860804
0.82209
0.817922
0.819505
0.81818
0.819567
0.829759
0.819283
0.817958
0.818342
0.81849
0.819332
0.822869
0.81911
0.818663
0.818169
0.818194
0.817612
0.821435
0.817873
0.819183
0.818354
0.818107
0.817415
0.827273
0.819912
0.818083
0.81864
0.81854
0.817736
0.821249
0.817514
0.818849
0.818379
0.817551
0.818428
