5.141
5.116
5.095
5.107
5.754
5.104
5.119
5.006
4.840
4.851
4.837
4.909
4.560
4.071
4.088
4.090
4.077
4.109
4.075
4.086
4.085
4.077
4.082
4.092
4.082
4.078
4.080
4.082
4.583
4.086
4.075
4.074
4.086
4.081
4.082
4.100
4.080
4.076
4.076
4.076
4.076
4.125
4.113
4.072
4.075
4.075
4.078
4.095
4.077
4.076
4.076
4.075
4.075
4.583
4.077
4.073
4.077
4.076
4.077
4.121
4.206
4.068
4.068
4.070
4.071
4.095
4.071
4.073
4.072
4.070
4.070
4.119
4.073
4.109
4.076
4.071
4.070
4.073
4.586
4.073
4.070
4.072
4.074
4.112
4.072
4.071
4.071
4.075
4.072
4.079
4.093
4.073
4.072
4.070
4.073
4.070
4.087
4.071
4.073
4.233
