1.5442
1.51499
1.52464
1.53963
1.51022
1.51178
1.51298
1.51318
1.51366
1.51278
1.51394
1.51258
1.52469
1.50962
1.53102
1.51086
1.50938
1.51394
1.51391
1.51194
1.51286
1.51475
1.521
1.28616
1.27975
1.2935
1.28027
1.27947
1.27895
1.27875
1.27867
1.27874
1.28003
1.27927
1.27842
1.29277
1.27911
1.27887
1.27927
1.27951
1.27939
1.27979
1.27911
1.27983
1.27963
1.27923
1.27818
1.2979
1.27979
1.27927
1.27826
1.2785
1.27919
1.27951
1.28015
1.27943
1.27943
1.27951
1.28227
1.30812
1.27971
1.28091
1.28027
1.28159
1.28179
1.28143
1.28135
1.28079
1.28123
1.28131
1.28095
1.28115
1.29498
1.28007
1.28199
1.28051
1.27895
1.27927
1.27871
1.28079
1.27907
1.28163
1.27935
1.28171
1.34892
1.28095
1.28175
1.27879
1.29574
1.27891
1.28929
1.27947
1.27979
1.27955
1.27991
1.27907
1.31161
1.27919
1.27927
1.27939
