1.21527
1.2233
1.2185
1.23277
1.16045
1.15385
1.15653
1.15843
1.16025
1.16058
1.17495
1.16168
1.16481
1.1653
1.16011
1.1573
1.16021
1.17438
1.16082
1.159
1.15955
1.1654
1.15976
1.16791
1.19167
1.16927
1.16078
1.16606
1.16577
1.16826
1.16599
1.16673
1.1683
1.15998
1.1581
1.16162
1.15912
1.1662
1.17517
1.15963
1.16738
1.16779
1.15992
1.16027
1.16096
1.1682
1.1664
1.15972
1.16033
1.16628
1.16123
1.17568
1.16767
1.16538
1.16597
1.15863
1.15802
1.15906
1.17211
1.16066
1.1673
1.16141
1.15873
1.15931
1.16687
1.17155
1.16691
1.16035
1.1636
1.16094
1.16082
1.16967
1.20856
1.16037
1.16532
1.16068
1.16751
1.1589
1.15824
1.17119
1.16197
1.1662
1.19353
1.16601
1.15438
1.15262
1.18039
1.16194
1.16147
1.16538
1.15929
1.16278
1.16548
1.17002
1.16288
1.16037
1.16542
1.1682
1.1588
1.1671
