4.493
5.029
4.408
4.891
5.270
5.008
5.488
4.881
4.992
4.605
4.248
4.281
4.286
4.277
4.812
4.930
5.751
5.031
5.155
4.283
4.995
5.360
5.896
5.620
4.898
4.276
4.405
5.407
5.653
5.671
5.012
5.036
5.013
5.364
5.653
5.095
4.622
4.568
4.874
4.915
6.000
4.273
4.415
4.616
5.998
4.267
4.780
4.406
5.417
5.704
5.742
7.359
6.850
5.016
5.398
6.385
5.667
5.640
5.171
4.276
4.647
5.135
4.494
5.014
5.040
5.016
5.044
5.657
5.006
5.328
4.335
4.427
4.920
4.437
5.656
5.701
5.674
5.023
4.266
4.276
4.290
4.858
6.364
4.875
5.248
5.981
4.918
4.884
5.066
4.928
4.360
4.259
4.328
4.935
4.321
4.256
4.398
4.859
4.874
5.044
