5.548
4.201
4.181
4.086
4.181
4.179
4.454
4.440
3.912
3.519
3.504
3.663
4.013
3.389
3.394
3.388
3.640
4.019
4.027
4.031
4.026
4.289
4.292
4.035
4.024
3.717
3.651
3.663
3.669
3.722
3.664
3.547
3.709
4.198
3.945
4.204
4.209
3.948
4.240
3.827
3.467
3.655
3.684
3.667
3.906
4.084
3.813
3.621
3.548
3.484
3.902
3.940
3.592
3.570
3.626
3.515
3.502
3.670
3.695
3.698
3.670
3.538
3.531
3.542
3.584
3.521
3.535
3.518
3.534
3.510
3.517
3.513
3.512
3.517
3.563
3.619
3.537
3.538
3.546
3.617
3.569
3.558
3.666
3.896
4.089
4.091
4.138
3.988
3.705
3.694
3.689
3.644
5.211
6.270
6.268
6.270
6.287
6.270
5.280
3.875
