4.680
4.618
4.709
3.208
2.704
2.712
2.711
2.728
2.712
2.711
2.737
2.708
2.708
2.721
2.710
2.708
2.708
2.708
2.732
2.734
2.709
2.707
2.709
2.709
2.708
2.720
2.708
2.738
2.718
2.709
2.708
2.739
2.709
2.710
2.709
2.709
2.719
2.709
2.708
2.731
2.707
2.708
2.719
2.708
2.707
2.709
2.708
2.708
2.785
2.710
2.708
2.709
2.708
2.708
2.737
2.709
2.707
2.708
2.708
2.708
2.736
2.707
2.708
2.709
2.708
2.708
2.717
2.708
2.708
2.728
2.708
2.708
2.736
2.709
2.709
2.709
2.708
2.718
2.709
2.709
2.709
2.708
2.708
2.733
2.710
2.707
2.708
2.708
2.708
2.718
2.709
2.707
2.709
2.709
2.708
2.728
2.710
2.707
2.792
2.980
