0.817699
0.839369
0.81687
0.816437
0.817069
0.814805
0.817156
0.820111
0.813642
0.816585
0.816648
0.816227
0.817736
0.819975
0.817316
0.817119
0.814507
0.814509
0.816784
0.844972
0.81718
0.816425
0.817006
0.816573
0.817154
0.818058
0.813753
0.81431
0.816215
0.816116
0.815522
0.825727
0.81702
0.815635
0.816389
0.81603
0.832233
0.828214
0.815893
0.817105
0.817463
0.814805
0.816833
0.819109
0.817081
0.817774
0.815151
0.816698
0.816586
0.835337
0.816412
0.816215
0.816907
0.816215
0.815906
0.821151
0.817068
0.814743
0.815201
0.817341
0.818083
0.82433
0.815942
0.814359
0.816735
0.816128
0.816388
0.819951
0.816981
0.817427
0.817686
0.817723
0.817081
0.825343
0.814632
0.816401
0.814867
0.817193
0.816463
0.819393
0.816264
0.816659
0.817254
0.816809
0.816463
0.824935
0.817341
0.817228
0.817898
0.817131
0.817057
0.81927
0.817933
0.816895
0.813877
0.817019
0.817377
0.823648
0.816981
0.817156
