5.084
4.673
4.283
5.198
5.012
4.434
4.270
4.423
4.427
4.920
4.433
4.441
4.522
4.735
4.273
4.889
4.289
4.863
4.418
4.741
4.277
4.899
4.300
4.283
4.519
5.015
4.777
4.723
4.442
4.533
4.555
4.444
4.539
5.046
4.726
5.018
4.888
5.023
4.413
4.566
5.029
4.398
4.414
4.642
4.548
5.012
4.438
4.430
4.281
4.269
4.278
4.801
4.411
4.423
4.270
4.368
4.409
4.571
4.882
4.845
4.764
4.776
4.290
4.275
4.281
4.549
5.166
5.073
5.052
4.298
4.898
4.535
5.023
4.637
4.724
4.441
4.864
4.272
4.635
4.433
4.276
4.428
4.276
5.259
4.269
4.713
4.410
5.021
4.559
4.405
4.725
4.469
4.552
4.878
4.457
4.519
4.272
4.381
4.281
4.564
