0.818886
0.817909
0.815819
0.815212
0.81462
0.843958
0.820123
0.819517
0.816623
0.815485
0.815942
0.82141
0.815968
0.815819
0.816041
0.815311
0.815968
0.820383
0.815164
0.81567
0.815536
0.853099
0.817699
0.828535
0.815744
0.815572
0.815646
0.815596
0.815286
0.820865
0.815362
0.815214
0.815288
0.81551
0.81603
0.823315
0.816796
0.815954
0.814854
0.815374
0.815214
0.825095
0.816314
0.816202
0.817241
0.81541
0.815843
0.819096
0.816178
0.816054
0.815374
0.815609
0.815188
0.818862
0.816116
0.816525
0.815374
0.815584
0.815436
0.824416
0.815943
0.814805
0.81499
0.814953
0.815423
0.819926
0.816537
0.81624
0.815522
0.816264
0.817032
0.824404
0.815175
0.815658
0.815807
0.816573
0.816141
0.820656
0.816475
0.815993
0.83154
0.820335
0.819073
0.825021
0.816425
0.815089
0.816041
0.815201
0.815163
0.81948
0.816486
0.815473
0.815633
0.81551
0.815065
0.818911
0.815633
0.817749
0.815843
0.815138
