4.074
5.139
5.696
5.105
4.687
5.026
4.738
5.033
4.084
4.585
4.645
3.953
3.926
4.019
4.137
4.174
4.141
5.037
4.049
4.032
5.078
4.133
4.073
4.558
4.135
4.086
4.653
4.130
4.376
5.036
4.133
4.073
4.523
5.085
4.890
4.057
4.352
4.598
4.757
5.033
4.611
4.061
5.096
4.547
5.017
4.609
5.099
5.038
5.390
4.124
4.083
4.101
4.604
3.963
4.094
5.003
4.520
4.136
5.092
5.023
4.596
4.199
4.602
4.083
4.099
4.129
4.649
4.083
4.189
4.089
5.084
5.042
4.064
4.081
4.877
4.097
4.368
4.539
4.715
4.084
5.082
4.077
4.106
4.067
5.077
5.214
4.726
5.471
4.201
4.672
4.714
4.692
5.045
5.755
5.114
5.018
5.010
5.023
4.590
4.129
