3.312
3.484
3.484
3.485
3.509
3.505
3.506
3.506
3.515
3.426
3.504
4.066
4.255
4.207
4.226
4.222
4.256
4.215
4.238
4.233
4.234
4.240
4.238
3.938
3.677
3.662
3.665
3.665
3.671
3.664
3.665
3.666
3.684
3.527
3.666
3.666
3.664
3.673
3.664
3.665
3.666
3.672
3.666
3.666
3.664
3.664
3.627
3.664
3.666
3.665
3.673
3.664
3.665
3.664
3.683
3.592
3.664
3.665
3.665
3.673
3.665
3.663
3.665
3.672
3.665
3.662
3.665
3.671
3.589
3.666
3.665
3.665
3.594
3.663
3.664
3.665
3.711
3.666
3.666
3.668
3.678
3.668
3.664
3.662
4.088
4.144
3.805
3.596
3.666
3.588
3.665
3.663
3.665
3.633
3.563
3.663
3.663
3.681
3.522
3.665
