3.677
4.979
6.317
9.949
6.276
6.276
6.273
6.272
6.307
6.268
6.285
6.267
6.282
6.268
6.284
6.268
6.268
6.274
5.757
4.348
3.891
3.832
3.244
3.353
3.340
3.831
4.003
4.389
4.394
4.389
4.390
4.393
4.389
4.407
4.385
4.385
4.400
4.388
4.222
3.464
3.572
4.419
4.389
4.387
4.395
4.389
4.213
3.901
3.832
3.837
3.844
3.831
3.474
3.632
3.440
3.308
3.441
3.468
3.565
3.556
3.627
3.687
3.692
3.686
3.685
3.678
3.545
3.699
3.545
3.799
3.750
3.792
4.409
4.704
6.287
6.284
5.773
4.452
4.526
4.528
4.385
4.384
4.392
4.385
4.400
3.322
3.455
3.370
3.565
3.628
3.685
3.748
3.647
3.818
4.424
3.606
3.612
3.726
4.383
4.099
