1.9444
2.01104
1.95587
1.95209
1.98943
2.09158
2.01641
1.96357
1.93797
1.93416
1.92633
1.92063
1.93085
1.92811
1.97738
1.96181
1.94979
1.9379
1.9209
1.91269
1.90266
1.90667
1.90503
1.91284
1.90342
1.89219
1.92143
1.9166
1.92787
1.89713
1.93255
1.93676
1.95815
1.88323
1.90787
1.89173
1.90107
1.88073
1.89945
1.88791
1.89511
1.88083
1.88504
1.89672
1.89306
1.9031
1.87495
1.91829
1.88226
1.91586
1.88211
1.92009
1.90045
1.92613
1.89596
1.93593
1.95243
2.01323
2.42096
2.16209
1.99756
1.94228
1.86667
1.89159
1.88037
1.91098
1.9689
1.91435
1.88108
1.88092
1.87244
1.89937
1.90414
1.92485
1.87848
1.8835
1.8832
1.87909
1.87238
1.85702
1.90467
1.90209
1.95632
1.94121
1.94162
1.86702
1.88
1.85611
1.88961
1.87561
1.88385
1.88894
1.92078
1.87179
1.84967
1.84143
1.89194
1.95824
1.88286
1.84647
