1.30054
1.29366
1.29222
1.29305
1.29294
1.2933
1.32389
1.30391
1.29183
1.29322
1.2928
1.29258
1.29264
1.29336
1.33148
1.31217
1.29984
1.29214
1.30318
1.29255
1.29216
1.29278
1.29219
1.30054
1.29216
1.29208
1.29205
1.29163
1.29238
1.29241
1.29244
1.29753
1.29224
1.29239
1.29239
1.29241
1.29244
1.2928
1.29202
1.29247
1.32166
1.29238
1.29291
1.29141
1.29177
1.2913
1.29197
1.29177
1.29854
1.29278
1.29272
1.29274
1.29275
1.29191
1.29244
1.29177
1.29174
1.31521
1.29275
1.29319
1.29228
1.29236
1.29252
1.29236
1.2925
1.29216
1.29263
1.29236
1.29197
1.29258
1.29236
1.2925
1.30165
1.29283
1.3107
1.29258
1.29199
1.29186
1.29275
1.29255
1.29252
1.29213
1.29183
1.30032
1.30841
1.29233
1.29205
1.29213
1.29155
1.29249
1.29183
1.33758
1.29191
1.29283
1.29188
1.29277
1.29261
1.29275
1.29199
1.29216
