1.17784
1.18006
1.17389
1.18947
1.17088
1.17327
1.17767
1.1755
1.17018
1.17269
1.17619
1.1745
1.21989
1.17083
1.17489
1.17035
1.17082
1.17069
1.17625
1.16949
1.17088
1.20202
1.18184
1.17809
1.17519
1.17135
1.17113
1.1706
1.17105
1.17199
1.17205
1.18221
1.17102
1.17099
1.1718
1.17135
1.17032
1.17308
1.17575
1.16988
1.17839
1.17703
1.17594
1.17678
1.17241
1.17063
1.17211
1.17266
1.17288
1.1947
1.17867
1.17227
1.17386
1.17669
1.17286
1.17361
1.18054
1.17714
1.17547
1.17979
1.17614
1.17636
1.17238
1.17739
1.18416
1.17263
1.17489
1.17113
1.19284
1.1819
1.17422
1.17238
1.17336
1.17603
1.17244
1.17255
1.17219
1.17246
1.18733
1.17578
1.17121
1.17469
1.17291
1.17369
1.17659
1.17761
1.17561
1.20161
1.18065
1.17525
1.1777
1.17901
1.17678
1.1809
1.17344
1.17135
1.19623
1.18599
1.17386
1.17909
