7.259
7.201
4.808
4.814
4.809
4.807
4.875
4.829
4.794
4.046
4.045
4.056
4.046
4.052
4.086
4.048
4.072
4.045
4.048
4.066
4.048
4.084
4.051
4.045
4.052
4.048
4.050
4.052
4.049
4.047
4.068
4.049
4.079
4.049
4.060
4.066
4.048
4.045
4.055
4.044
4.046
4.063
4.052
4.069
4.048
4.045
4.057
4.044
4.085
4.059
4.048
4.062
4.046
4.046
4.053
4.046
4.046
4.070
4.049
4.046
4.055
4.046
4.084
4.047
4.045
4.052
4.046
4.058
4.056
4.067
4.048
4.071
4.049
4.055
4.046
4.048
4.083
4.048
4.045
4.059
4.050
4.196
4.307
4.084
4.059
4.047
4.045
4.053
4.048
4.061
4.073
4.046
4.053
4.044
4.049
4.056
4.047
4.050
4.065
4.051
