1.21437
1.22045
1.24645
1.21407
1.21911
1.18061
1.15946
1.16083
1.15988
1.15634
1.1645
1.15989
1.16251
1.15678
1.16083
1.17063
1.15962
1.15733
1.16044
1.16457
1.15566
1.16221
1.15627
1.19265
1.17732
1.16342
1.15678
1.16433
1.16049
1.16049
1.15723
1.16185
1.16264
1.16081
1.1596
1.15605
1.17136
1.15994
1.1597
1.15579
1.16127
1.15951
1.15999
1.15565
1.17652
1.16174
1.16128
1.16159
1.17139
1.16208
1.16196
1.16302
1.16113
1.16522
1.16019
1.16237
1.16346
1.16158
1.15759
1.16154
1.16235
1.16655
1.15862
1.16218
1.15929
1.16146
1.16103
1.1629
1.16327
1.16137
1.17037
1.16063
1.16191
1.16227
1.16071
1.15993
1.16323
1.1605
1.17147
1.15563
1.15554
1.15639
1.16171
1.15888
1.16203
1.16007
1.15633
1.16315
1.16046
1.1607
1.16179
1.16976
1.16069
1.1621
1.16159
1.16337
1.16026
1.16034
1.15947
1.16123
