4.394
4.379
4.373
4.581
3.920
3.824
3.825
3.952
3.945
3.947
3.947
3.958
3.827
3.925
3.933
3.956
3.865
3.881
3.882
3.712
3.705
3.858
3.866
3.728
3.761
3.731
3.862
3.727
3.830
3.828
3.840
3.840
3.867
3.713
3.693
3.824
3.843
3.842
3.839
3.843
3.848
3.839
3.825
3.830
3.868
3.841
3.842
3.720
3.822
3.840
3.844
3.841
3.840
3.691
3.850
3.840
3.842
3.743
3.830
3.840
3.839
3.854
3.839
3.839
3.839
3.866
3.827
3.828
3.828
3.847
3.879
3.729
3.860
3.873
3.866
3.903
3.720
3.819
3.727
3.824
3.841
3.823
3.698
3.821
3.839
3.904
3.873
3.715
3.836
3.831
3.840
3.830
3.832
3.828
3.837
3.826
3.858
3.831
3.859
3.863
