2.790
2.673
2.680
2.670
2.670
2.669
2.732
2.671
2.669
2.669
2.676
2.670
2.670
2.700
2.673
2.679
2.669
2.690
2.669
2.691
2.670
2.669
2.669
2.676
2.669
2.669
2.669
2.676
2.670
2.668
2.668
2.688
2.669
2.669
2.669
2.676
2.680
2.688
2.695
2.703
2.670
2.670
2.670
2.676
2.669
2.670
2.669
2.690
2.681
2.670
2.669
2.669
2.690
2.670
2.669
2.670
2.675
2.669
2.688
2.670
2.687
2.669
2.775
2.673
2.678
2.670
2.671
2.669
2.676
2.670
2.669
2.669
2.690
2.669
2.670
2.669
2.675
2.669
2.670
2.686
2.671
2.690
2.669
2.670
2.669
2.679
2.669
2.669
2.670
2.674
2.669
2.669
2.669
2.687
2.670
2.669
2.669
2.675
2.669
2.692
