3.476
3.263
2.787
2.791
2.779
2.793
2.813
2.854
2.917
2.888
2.853
2.833
2.855
2.834
2.844
2.814
2.868
2.854
2.826
2.809
2.819
2.841
2.802
2.824
2.799
2.806
2.795
2.821
3.175
2.886
2.845
2.879
2.837
2.810
2.820
2.810
2.826
2.803
2.822
2.811
2.813
2.801
2.830
2.776
2.773
2.789
2.801
2.805
2.829
2.856
2.800
2.817
2.798
2.820
2.797
2.797
2.806
2.797
2.793
2.805
2.809
2.800
2.812
2.844
2.835
2.850
2.811
2.827
2.811
2.847
2.809
2.820
2.814
2.786
2.771
2.772
2.809
2.778
2.778
2.809
2.819
2.830
2.841
2.814
2.841
2.811
2.809
2.830
2.809
2.830
2.811
2.815
2.804
2.813
2.803
2.826
2.803
2.807
2.795
2.801
