4.072
4.317
5.673
5.821
5.708
4.001
5.054
5.619
4.999
5.337
5.681
5.671
5.678
5.449
5.424
5.323
5.024
5.612
5.801
6.329
5.679
5.817
5.711
5.747
4.419
4.210
5.425
4.697
5.676
4.418
4.280
4.355
5.716
4.788
5.306
5.676
5.685
5.684
5.803
5.338
5.672
5.687
4.575
5.616
6.164
4.584
5.962
6.336
5.670
6.300
5.701
3.999
5.614
5.799
5.337
5.765
5.302
6.180
4.757
5.625
5.694
5.677
6.177
5.679
5.690
5.689
6.171
4.493
5.968
5.748
5.627
4.820
5.650
4.269
5.410
5.703
4.443
5.640
5.819
5.669
5.728
5.434
4.129
5.317
5.041
5.637
5.679
5.668
5.678
5.685
5.354
5.723
5.809
5.658
5.810
5.712
4.321
4.043
5.634
3.937
