5.120
3.931
5.605
5.629
5.660
5.627
5.616
5.617
5.608
5.611
5.639
5.596
5.615
5.627
5.615
5.596
5.614
5.642
3.776
3.943
3.759
3.965
3.766
3.741
3.973
5.689
5.684
5.615
5.581
5.585
4.022
5.591
3.803
5.619
5.628
5.614
5.600
5.585
4.183
5.706
5.588
5.616
5.647
5.599
5.591
5.601
5.564
5.579
5.608
5.598
5.603
5.599
5.622
5.603
5.605
5.238
3.783
5.622
5.608
3.811
5.610
5.603
5.634
5.612
5.609
5.622
5.618
5.604
3.803
5.619
5.607
4.061
5.606
5.615
5.615
5.761
5.606
3.810
3.899
3.994
5.573
5.601
5.603
5.609
3.812
5.573
5.608
3.995
5.602
3.749
3.736
3.749
3.907
5.600
5.621
5.606
3.964
4.019
5.651
5.682
