1.162
1.15192
1.15177
1.15235
1.15099
1.15137
1.15754
1.15168
1.1529
1.15096
1.1521
1.16975
1.15087
1.15212
1.15135
1.15123
1.15566
1.1519
1.15182
1.15181
1.15159
1.27682
1.16754
1.15141
1.15226
1.15337
1.16184
1.19266
1.16179
1.16186
1.21726
1.16068
1.1674
1.16264
1.16135
1.16211
1.16193
1.16167
1.17292
1.16233
1.16137
1.16228
1.16162
1.16641
1.16137
1.16104
1.19434
1.1622
1.18635
1.16167
1.16154
1.16214
1.16181
1.1617
1.16527
1.1615
1.16165
1.16264
1.1617
1.16699
1.16212
1.16162
1.16317
1.16203
1.17316
1.1614
1.16212
1.16301
1.16132
1.16172
1.16499
1.16201
1.16142
1.16183
1.16173
1.17263
1.16134
1.16198
1.16164
1.16178
1.16508
1.16204
1.1609
1.16148
1.1622
1.16175
1.1645
1.16187
1.16159
1.1614
1.16223
1.17217
1.16158
1.16175
1.16186
1.16126
1.16621
1.162
1.16245
1.16197
