3.746
3.748
3.724
4.293
5.554
5.561
5.561
5.602
5.590
5.563
5.588
5.561
5.574
4.788
5.573
5.558
5.592
5.574
5.561
5.590
5.577
5.561
5.574
5.579
5.573
5.576
5.579
5.597
5.575
5.564
5.650
5.563
5.564
5.582
5.563
5.561
5.591
5.582
5.573
5.588
5.562
5.579
4.169
5.561
5.573
4.376
5.560
5.575
5.581
4.123
5.548
5.572
5.581
5.575
4.516
5.563
5.573
5.596
5.576
5.573
5.596
5.564
5.574
4.157
5.573
5.562
5.567
5.598
5.576
3.745
4.293
5.573
5.594
5.575
5.575
5.569
5.563
5.571
4.158
5.575
5.559
5.594
5.581
5.573
4.154
5.572
5.576
5.608
5.561
5.562
5.570
5.573
5.576
3.717
3.691
3.691
3.726
4.306
5.636
5.555
