4.741
4.523
4.556
4.501
4.494
4.478
4.479
4.496
4.473
4.495
4.481
4.491
4.479
4.482
4.493
4.491
4.467
4.488
4.586
4.495
4.488
4.516
4.494
4.488
4.484
4.499
4.535
4.518
4.540
4.506
4.500
4.514
4.529
4.520
4.549
4.551
4.561
4.499
4.507
4.487
4.485
4.473
4.508
4.489
4.488
4.480
4.507
4.502
4.472
4.505
4.482
4.488
4.474
4.533
4.506
4.482
4.506
4.492
4.552
4.483
4.486
4.496
4.482
4.484
4.490
4.483
4.475
4.503
4.494
4.476
4.496
4.507
4.484
4.536
4.479
4.485
4.479
4.490
4.494
4.484
4.780
4.877
4.842
4.857
4.799
4.624
4.608
4.600
4.581
4.620
4.589
4.580
4.588
4.556
4.550
4.560
4.554
4.567
4.558
4.559
