2.849
2.845
2.807
2.841
2.790
2.873
2.858
2.857
2.816
2.811
2.814
2.840
2.823
2.815
2.813
2.787
2.812
2.824
2.830
2.809
2.808
2.816
2.876
2.836
2.814
2.816
2.787
2.818
2.807
2.829
2.832
2.804
2.815
2.818
2.849
2.811
2.813
2.805
2.819
2.814
2.837
2.811
2.803
2.840
2.827
2.836
2.814
2.847
2.815
2.834
2.811
2.846
2.827
2.829
2.814
2.822
2.821
2.806
2.824
2.808
2.899
2.855
2.877
2.838
2.849
2.855
2.869
2.802
2.807
2.813
2.803
2.822
2.813
2.821
2.838
2.836
2.813
2.878
2.862
2.846
2.820
2.803
2.833
2.817
2.873
2.801
2.777
2.821
2.823
2.833
2.808
2.816
2.807
2.817
2.805
2.839
2.839
2.815
2.827
2.816
