1.17597
1.16163
1.20058
1.16269
1.15852
1.15764
1.16697
1.16014
1.15847
1.16482
1.15935
1.16725
1.16422
1.16108
1.15945
1.18897
1.16085
1.16183
1.16309
1.16514
1.15957
1.16493
1.19539
1.17133
1.16122
1.15603
1.15737
1.16189
1.15921
1.15857
1.15636
1.15655
1.17423
1.15748
1.1598
1.15897
1.17057
1.1586
1.17477
1.1593
1.1667
1.15936
1.16252
1.16148
1.16978
1.16162
1.15832
1.15863
1.15863
1.16312
1.15863
1.15921
1.16003
1.16284
1.16183
1.15982
1.15894
1.16838
1.15805
1.15994
1.15796
1.16235
1.16122
1.15931
1.15901
1.16286
1.15877
1.15815
1.15944
1.15883
1.16823
1.15986
1.15885
1.15919
1.1633
1.15918
1.16028
1.15775
1.16536
1.1592
1.15895
1.15869
1.16424
1.16103
1.15905
1.15883
1.15942
1.16713
1.15958
1.16971
1.16583
1.16493
1.15806
1.15716
1.15643
1.16718
1.15801
1.15857
1.15719
1.16273
