1.15811
1.161
1.16036
1.16061
1.17249
1.17266
1.17341
1.17286
1.21485
1.20439
1.17533
1.17374
1.24226
1.17622
1.17558
1.17469
1.17419
1.17427
1.19053
1.17517
1.17486
1.17475
1.17536
1.17372
1.17528
1.17405
1.17489
1.18326
1.17411
1.17344
1.17397
1.17456
1.17441
1.17502
1.175
1.20589
1.17508
1.19829
1.17514
1.17525
1.17489
1.18318
1.17466
1.17497
1.17444
1.17441
1.18165
1.17414
1.17506
1.17347
1.17491
1.17422
1.17433
1.18326
1.17427
1.2023
1.17475
1.17441
1.17556
1.18844
1.17533
1.17525
1.17581
1.17439
1.17464
1.22175
1.17609
1.17483
1.17475
1.17514
1.18338
1.17461
1.17447
1.17378
1.19565
1.17564
1.17517
1.18168
1.17519
1.17405
1.17427
1.17464
1.17502
1.19195
1.17586
1.17458
1.1745
1.17425
1.17567
1.17433
1.17422
1.17383
1.17416
1.1826
1.17511
1.17522
1.17533
1.17453
1.17436
1.17564
