1.39824
1.38364
1.38542
1.43024
1.16726
1.15865
1.16197
1.1662
1.16967
1.18274
1.19092
1.16203
1.16248
1.16816
1.16787
1.16481
1.17754
1.16955
1.16908
1.16902
1.17851
1.16986
1.16892
1.1947
1.17069
1.16082
1.16802
1.16814
1.16894
1.16753
1.1698
1.16724
1.16501
1.17066
1.16632
1.16931
1.17008
1.193
1.22619
1.22402
1.22588
1.18186
1.16311
1.16325
1.18642
1.17051
1.17123
1.17053
1.20333
1.1675
1.16123
1.19069
1.16978
1.16603
1.17041
1.16918
1.16861
1.16702
1.17002
1.16618
1.17147
1.16464
1.17039
1.16881
1.16718
1.18869
1.16571
1.17182
1.16552
1.16724
1.1681
1.20002
1.17579
1.17092
1.16438
1.16219
1.16237
1.1674
1.17949
1.1628
1.16732
1.16892
1.16791
1.17207
1.16839
1.16843
1.1636
1.16595
1.16374
1.16845
1.16929
1.16802
1.16828
1.16331
1.16209
1.16225
1.169
1.16289
1.16141
1.17754
