1.24763
1.20601
1.21558
1.20691
1.18664
1.21026
1.19564
1.18286
1.24832
1.19741
1.20962
1.21816
1.18316
1.21182
1.19654
1.17899
1.20623
1.19644
1.22989
1.2132
1.18741
1.20584
1.2061
1.19757
1.20761
1.18929
1.20638
1.20808
1.19525
1.20599
1.2133
1.18875
1.19397
1.19293
1.21666
1.24576
1.20284
1.20709
1.19438
1.1979
1.20537
1.1981
1.19028
1.20484
1.19905
1.2355
1.2026
1.19898
1.23465
1.22048
1.18045
1.18978
1.18888
1.17687
1.20797
1.19563
1.19591
1.21096
1.18185
1.19057
1.18182
1.18142
1.21147
1.21203
1.21148
1.20021
1.18353
1.19626
1.19134
1.18013
1.18836
1.17887
1.18549
1.20131
1.19372
1.17835
1.22495
1.2035
1.20612
1.18467
1.19779
1.19868
1.19561
1.19159
1.19041
1.20229
1.19146
1.20017
1.19708
1.19726
1.20226
1.20173
1.18799
1.19601
1.19086
1.19702
1.17981
1.20042
1.22474
1.22506
