1.15203
1.16862
1.15636
1.1467
1.1477
1.15119
1.15564
1.14718
1.14614
1.14722
1.14907
1.17307
1.16365
1.16257
1.22244
1.1651
1.16205
1.16614
1.16417
1.16614
1.17147
1.16694
1.16994
1.17126
1.16273
1.16277
1.16293
1.16573
1.18589
1.16734
1.16734
1.17223
1.17151
1.17235
1.16361
1.16281
1.1687
1.16586
1.16626
1.17223
1.17179
1.21767
1.14734
1.1487
1.15219
1.14718
1.15099
1.15632
1.20012
1.17035
1.17283
1.17319
1.1677
1.17271
1.17423
1.1877
1.17379
1.18505
1.17307
1.16782
1.16397
1.16413
1.16538
1.16418
1.16646
1.17022
1.17275
1.17331
1.18361
1.17327
1.17319
1.16465
1.16425
1.16425
1.16862
1.18397
1.17271
1.16886
1.19387
1.16433
1.17027
1.16409
1.19691
1.16397
1.17022
1.17319
1.17239
1.25691
1.14774
1.14782
1.14718
1.14774
1.1469
1.15544
1.16329
1.24669
1.16754
1.17171
1.17163
1.16309
