9.136
9.059
8.643
5.223
5.220
5.427
5.451
5.455
5.472
5.414
5.476
5.459
5.571
5.470
5.456
5.485
5.547
5.489
5.498
5.460
5.540
5.438
5.418
5.438
5.391
5.593
5.382
5.382
5.438
5.411
5.416
5.441
5.369
5.403
5.507
5.538
5.553
5.504
5.557
5.319
5.215
5.235
5.196
5.240
5.251
5.218
5.214
5.221
5.306
5.238
5.278
5.196
5.225
5.288
5.254
5.263
5.195
5.386
5.275
5.306
5.224
5.302
5.609
5.254
5.254
5.277
5.607
5.368
5.133
5.119
5.076
5.109
5.498
5.376
5.387
5.403
5.409
5.412
5.385
5.373
5.344
5.402
5.341
5.337
5.339
5.362
5.345
5.347
5.340
5.345
5.310
5.091
5.052
5.053
5.048
5.170
5.019
4.987
4.990
5.053
