4.361
4.220
4.220
4.201
4.239
4.222
4.215
4.263
4.260
4.276
4.237
4.208
4.213
4.213
4.233
4.197
4.231
4.281
4.234
4.272
4.231
4.222
4.212
4.205
4.211
4.259
4.226
4.228
4.221
4.206
4.187
4.235
4.230
4.219
4.209
4.203
4.239
4.259
4.211
4.215
4.208
4.213
4.231
4.244
4.201
4.215
4.232
4.282
4.220
4.237
4.206
4.200
4.209
4.215
4.244
4.281
4.207
4.217
4.216
4.225
4.221
4.217
4.211
4.212
4.222
4.195
4.234
4.223
4.204
4.202
4.218
4.202
4.223
4.225
4.229
4.210
4.216
4.205
4.230
4.200
4.240
4.214
4.209
4.203
4.259
4.218
4.197
4.226
4.205
4.219
4.216
4.216
4.206
4.198
4.202
4.227
4.222
4.217
4.227
4.236
