1.32309
1.24063
1.23774
1.24351
1.23913
1.24789
1.20581
1.19755
1.19473
1.19523
1.1993
1.20143
1.19517
1.19648
1.19912
1.19442
1.19768
1.19723
1.19573
1.19498
1.21946
1.18759
1.20262
1.19335
1.19091
1.19623
1.19817
1.18934
1.19342
1.19573
1.19886
1.19536
1.19116
1.19329
1.19949
1.19754
1.18846
1.18834
1.19754
1.19316
1.21346
1.19423
1.19693
1.18772
1.19724
1.18891
1.19204
1.1968
1.19542
1.18828
1.19749
1.18884
1.19166
1.19849
1.18809
1.19861
1.20018
1.19729
1.19611
1.19936
1.19204
1.23926
1.19429
1.19079
1.18884
1.19003
1.19529
1.19623
1.18922
1.19942
1.19761
1.19755
1.19204
1.19166
1.19367
1.19504
1.18853
1.20199
1.18734
1.18791
1.20074
1.21477
1.19679
1.19435
1.19104
1.19817
1.19649
1.19931
1.19492
1.18772
1.18791
1.26912
1.19097
1.19004
1.19291
1.19348
1.19867
1.19573
1.19961
1.19779
