2.833
2.795
2.796
2.778
2.773
2.789
2.788
2.781
2.792
2.790
2.773
2.770
2.779
2.791
2.776
2.801
2.820
2.830
2.837
2.822
2.782
2.776
2.797
2.773
2.762
2.766
2.771
2.794
2.834
2.852
2.826
2.837
2.880
2.837
2.810
2.830
2.841
2.824
2.821
2.801
2.764
2.753
2.791
2.779
2.761
2.776
2.809
2.827
2.817
2.861
2.854
2.831
2.835
2.854
2.834
2.824
2.839
2.835
2.806
2.839
2.826
2.832
2.834
2.841
2.847
5.009
4.774
3.646
2.780
2.795
2.812
2.780
2.790
2.748
2.775
2.790
2.788
2.879
2.879
2.912
3.060
3.050
3.068
3.066
3.075
2.913
2.880
2.893
2.870
2.896
2.884
2.884
3.001
2.884
2.911
2.886
2.874
2.882
2.890
2.901
