7.110
5.012
4.883
4.998
4.976
4.985
4.978
4.843
4.121
4.122
4.248
4.265
4.299
4.199
4.198
4.063
4.069
4.050
4.072
4.052
4.238
4.052
4.113
4.131
4.127
4.187
4.149
4.185
4.221
4.211
4.262
4.277
4.272
4.271
4.294
4.275
4.282
4.278
4.278
4.143
4.177
4.059
4.062
4.113
4.203
4.049
4.051
4.059
4.117
4.191
4.204
4.193
4.200
4.129
4.124
4.127
4.062
4.113
4.194
4.255
4.284
4.122
4.183
4.198
4.187
4.256
4.263
4.047
4.065
4.058
4.047
4.116
4.115
4.187
4.138
4.122
4.130
4.053
4.119
4.139
4.116
4.118
4.126
4.264
4.269
4.121
4.122
4.190
4.119
4.118
4.130
4.179
4.211
4.048
4.113
4.189
4.204
4.194
4.203
4.262
