0.812945
0.849341
0.813682
0.812741
0.975535
0.813559
0.812639
0.841816
0.81362
0.813355
0.812169
0.824602
0.811494
0.811924
0.811741
0.812169
0.811435
0.81178
0.812251
0.8127
0.813149
0.847192
0.812743
0.812312
0.812188
0.812516
0.812639
0.812659
0.812639
0.812639
0.8127
0.828814
0.812906
0.812333
0.812557
0.813008
0.812618
0.812598
0.812108
0.812886
0.812251
0.818263
0.812722
0.812127
0.812559
0.812639
0.812476
0.812927
0.812312
0.812639
0.812457
0.820469
0.812761
0.812965
0.812722
0.81229
0.812722
0.814214
0.812027
0.812904
0.812578
0.828465
0.812353
0.811945
0.8127
0.812169
0.812702
0.812004
0.812476
0.812659
0.812496
0.81869
0.812231
0.81172
0.811963
0.812067
0.81229
0.812251
0.812516
0.812639
0.812269
0.812333
0.812333
0.812312
0.812457
0.812557
0.811739
0.812435
0.812335
0.812641
0.825622
0.812578
0.812927
0.812353
0.812539
0.811984
0.812557
0.812394
0.812967
0.812537
