0.817495
0.817292
0.815945
0.815789
0.81593
0.815647
0.815883
0.819545
0.816555
0.817259
0.817402
0.816102
0.817228
0.817634
0.833884
0.818214
0.8182
0.839208
0.814973
0.831583
0.816086
0.816148
0.825087
0.816494
0.815317
0.815787
0.815709
0.816008
0.816055
0.814222
0.844059
0.81485
0.815914
0.816352
0.81618
0.81593
0.815647
0.827247
0.815836
0.815945
0.815975
0.816055
0.816086
0.816006
0.816148
0.820845
0.816414
0.816006
0.814427
0.815741
0.815756
0.81643
0.823491
0.816478
0.81632
0.816523
0.815805
0.816492
0.814895
0.816508
0.835403
0.815239
0.815773
0.81488
0.81657
0.816148
0.815602
0.820266
0.815098
0.8164
0.814787
0.814913
0.816336
0.816947
0.816306
0.825808
0.814567
0.816445
0.816039
0.816195
0.815819
0.814708
0.816555
0.820502
0.816431
0.814927
0.816289
0.815945
0.816556
0.816227
0.818263
0.816492
0.815319
0.816555
0.816916
0.81618
0.8164
0.814944
0.824555
0.936059
