0.831001
0.85706
0.832474
0.829488
0.824098
0.834067
0.828867
0.827866
0.826764
0.834207
0.833165
0.829748
0.828737
0.826191
0.825521
0.837163
0.83026
0.827595
0.826343
0.825521
0.831071
0.831692
0.827986
0.827364
0.839627
0.837623
0.832283
0.827154
0.826553
0.836662
0.828997
0.828427
0.827766
0.826694
0.831653
0.829879
0.830299
0.826452
0.826582
0.837383
0.83056
0.828787
0.827244
0.827565
0.831532
0.827344
0.826222
0.827154
0.827324
0.837523
0.827024
0.825661
0.827154
0.829849
0.827535
0.828196
0.827124
0.827995
0.838005
0.828526
0.828497
0.826141
0.827364
0.832023
0.827204
0.826463
0.828517
0.827675
0.837944
0.826973
0.827445
0.827344
0.827073
0.830871
0.826513
0.826603
0.827174
0.831943
0.828066
0.828347
0.826974
0.827184
0.837042
0.827975
0.84123
0.837564
0.830801
0.834207
0.829258
0.827285
0.828256
0.828015
0.852912
0.830791
0.827705
0.827414
0.833095
0.827775
0.828175
0.827535
