4.452
3.540
3.510
3.504
3.550
3.611
3.618
3.650
3.691
3.681
3.687
3.698
3.897
4.151
4.202
4.229
4.247
4.241
4.260
4.227
4.233
3.672
3.738
3.722
3.721
3.732
3.723
3.728
3.722
3.685
3.686
3.725
3.731
3.725
3.692
3.722
3.732
3.722
3.603
3.657
3.725
3.722
3.722
3.732
3.905
4.166
4.241
4.245
4.180
4.160
4.203
4.188
4.217
4.237
4.181
4.162
4.162
4.183
4.103
4.178
4.176
4.206
4.205
4.209
4.115
4.157
4.221
4.172
4.110
4.214
4.235
4.250
4.256
4.230
4.178
4.197
4.227
4.260
4.225
4.237
4.235
4.250
4.226
5.086
6.383
6.439
6.476
4.919
4.179
4.240
4.235
4.125
4.180
4.225
4.225
4.110
4.185
4.229
4.019
3.643
