0.824519
0.817105
0.816885
0.816314
0.837884
0.816404
0.821924
0.816684
0.816253
0.822165
0.817215
0.816624
0.816374
0.816244
0.834929
0.816073
0.816374
0.816704
0.816564
0.828717
0.815923
0.816885
0.816374
0.826433
0.827504
0.822225
0.816815
0.816383
0.816393
0.828106
0.816755
0.815983
0.816113
0.816424
0.821574
0.816283
0.816514
0.816274
0.820942
0.817045
0.816543
0.815602
0.816715
0.827856
0.817787
0.816304
0.816013
0.816444
0.820762
0.816564
0.816524
0.815723
0.815943
0.828777
0.820792
0.816294
0.816624
0.816754
0.821474
0.816775
0.816304
0.815882
0.816323
0.823757
0.816835
0.817166
0.815893
0.826273
0.816645
0.816314
0.816565
0.816204
0.820562
0.816564
0.816644
0.816854
0.816113
0.825491
0.816394
0.816143
0.816394
0.816244
0.820301
0.816353
0.816163
0.816494
0.816624
0.826332
0.816204
0.815702
0.816564
0.816144
0.820401
0.816544
0.815933
0.816043
0.816193
0.820942
0.816584
0.816654
