4.028
4.617
5.066
4.040
4.020
4.052
4.498
4.022
4.259
4.029
4.399
3.967
4.967
5.059
4.043
5.075
4.101
4.265
4.337
4.964
5.711
4.985
4.070
4.020
4.011
3.994
5.050
4.365
5.050
4.476
5.046
5.037
5.087
5.005
5.704
5.702
5.708
5.049
5.689
5.684
5.051
4.156
5.068
4.436
5.049
4.939
4.155
4.026
4.564
4.147
5.075
5.700
4.920
4.151
3.982
4.010
3.988
4.290
3.988
4.011
4.030
4.000
5.116
5.039
5.704
5.735
4.023
4.210
5.054
4.356
4.218
4.386
4.341
4.113
4.344
3.973
4.080
4.200
5.071
4.399
5.102
4.531
5.064
5.108
5.468
5.121
5.014
4.311
4.290
4.053
5.160
5.143
4.651
4.295
4.008
4.258
3.993
5.112
4.344
5.101
