16.283
15.728
15.981
15.992
15.986
16.005
16.067
15.974
15.886
16.005
15.871
16.142
16.377
16.468
16.330
16.340
16.451
16.437
16.376
16.363
16.459
16.431
16.426
16.364
16.448
16.435
16.448
16.341
16.575
16.379
16.422
16.349
16.369
16.363
16.376
16.487
16.374
16.314
16.309
16.322
16.423
16.310
16.406
16.375
16.418
16.296
16.255
16.384
16.346
16.663
16.443
16.404
16.366
16.401
16.497
16.360
16.350
16.347
16.339
16.327
16.273
16.460
16.418
16.484
16.385
16.326
16.337
16.418
16.401
16.341
16.341
16.318
16.376
16.454
16.362
16.305
16.287
16.323
16.390
16.542
16.551
16.454
16.512
16.418
16.398
16.334
16.400
16.334
16.329
16.421
16.431
16.330
16.397
16.348
16.353
16.443
16.375
16.364
16.355
16.368
