5.986
3.903
3.939
5.547
5.621
5.447
5.616
5.608
5.617
5.625
5.633
5.618
4.458
5.393
6.194
4.926
5.423
6.208
4.811
5.429
5.625
4.951
5.424
5.617
5.622
5.636
5.491
5.789
5.644
5.615
5.625
6.181
6.254
5.612
5.625
5.600
5.424
5.622
5.613
5.627
6.089
5.618
5.611
5.641
5.623
5.607
5.632
4.473
5.425
5.623
5.635
5.608
5.623
4.545
5.438
5.626
4.833
5.422
5.624
5.626
5.617
5.455
5.475
5.792
5.638
4.545
5.424
5.628
5.161
5.442
5.622
5.620
5.617
5.449
5.649
5.609
5.630
5.637
5.616
5.605
6.143
5.614
5.604
5.773
5.635
5.610
5.443
5.619
5.608
6.213
6.252
5.636
5.612
5.440
5.620
5.606
5.448
5.615
5.631
5.658
