4.170
4.076
4.119
4.085
4.083
4.090
4.078
4.087
4.166
4.075
4.087
4.099
4.434
4.088
4.132
4.093
4.087
4.078
4.087
4.091
4.346
4.091
4.101
4.095
4.090
4.082
4.159
4.091
4.081
4.087
4.080
4.090
4.235
4.082
4.085
4.076
4.090
4.089
4.147
4.089
4.082
4.080
4.085
4.080
4.129
4.088
4.080
4.087
4.076
4.095
4.099
4.078
4.086
4.086
4.085
4.089
4.163
4.077
4.087
4.079
4.087
4.077
4.109
4.091
4.079
4.088
4.094
4.079
4.092
4.126
4.087
4.088
4.076
4.086
4.078
4.108
4.085
4.078
4.083
4.080
4.090
4.114
4.077
4.088
4.086
4.080
4.085
4.162
4.081
4.085
4.078
4.086
4.077
4.108
4.084
4.078
4.089
4.088
4.078
4.105
