5.992
6.020
6.020
5.990
6.109
6.093
6.132
5.557
5.130
5.244
5.173
5.134
5.155
5.731
5.222
5.074
5.072
5.059
5.015
5.144
5.010
5.013
5.153
5.021
5.057
5.108
5.013
5.010
5.099
5.011
5.016
5.060
5.015
5.016
5.057
4.974
5.013
5.023
5.035
5.019
5.051
5.109
5.023
5.013
5.107
5.012
5.013
5.111
5.023
5.020
5.071
5.017
5.019
5.048
5.011
5.018
5.097
5.015
5.019
5.018
5.121
5.016
5.017
5.111
5.019
5.016
5.084
4.974
5.015
5.074
5.049
5.014
5.079
5.009
5.015
5.053
5.010
5.019
5.012
5.131
5.013
5.017
5.116
5.018
5.022
5.082
4.960
4.978
5.112
5.053
5.001
5.088
5.023
5.096
5.082
5.014
5.022
5.020
5.133
5.017
