1.21853
1.22817
1.22836
1.22829
1.22616
1.22948
1.25327
1.23105
1.22792
1.22729
1.22548
1.19316
1.17776
1.1772
1.18259
1.17814
1.17814
1.17657
1.17657
1.18108
1.17739
1.2003
1.19141
1.19028
1.19241
1.18803
1.18891
1.25879
1.19291
1.19066
1.18816
1.1936
1.19999
1.19955
1.19066
1.19023
1.19711
1.1988
1.18853
1.18866
1.19404
1.19029
1.19216
1.19949
1.18959
1.19204
1.18746
1.21564
1.19836
1.18903
1.18771
1.19924
1.18778
1.19134
1.18941
1.19354
1.18822
1.18966
1.19054
1.18828
1.18803
1.1926
1.18916
1.18784
1.19185
1.1921
1.19235
1.19122
1.23756
1.18697
1.18859
1.1916
1.19035
1.19148
1.19023
1.18934
1.18891
1.18797
1.19172
1.19636
1.18903
1.18972
1.18841
1.19229
1.19172
1.20093
1.18841
1.18822
1.21045
1.18897
1.18934
1.18866
1.18803
1.18809
1.19034
1.18766
1.18928
1.18878
1.1911
1.18978
