0.816004
0.81596
0.83468
0.81428
0.814764
0.817244
0.81432
0.813676
0.81528
0.828344
0.81468
0.81444
0.81456
0.816644
0.81448
0.81452
0.81428
0.8142
0.814764
0.81392
0.81496
0.8146
0.815
0.81464
0.81472
0.81404
0.81428
0.814036
0.81488
0.839004
0.815324
0.813796
0.817044
0.81496
0.814644
0.81456
0.815
0.8146
0.8146
0.81444
0.815
0.81452
0.81352
0.81508
0.81432
0.81416
0.81412
0.81508
0.845616
0.81444
0.814484
0.816884
0.81408
0.81424
0.81384
0.81452
0.8142
0.81428
0.81388
0.814644
0.81452
0.8146
0.81424
0.8146
0.814804
0.81468
0.81384
0.872628
0.81436
0.814
0.820932
0.81436
0.81424
0.814644
0.813116
0.81436
0.81432
0.81476
0.8144
0.81408
0.81432
0.81392
0.813916
0.871788
0.81436
0.8144
0.853312
0.814036
0.81384
0.817764
0.8142
0.81392
0.81444
0.81416
0.814484
0.81432
0.81428
0.81416
0.81428
0.81412
