0.815036
0.813519
0.812705
0.812627
0.812234
0.812203
0.834464
0.813769
0.816492
0.812906
0.813017
0.813173
0.812923
0.813189
0.816602
0.8133
0.814222
0.812939
0.812752
0.81322
0.813237
0.813033
0.817072
0.813253
0.813722
0.812766
0.845953
0.813252
0.814802
0.825509
0.812939
0.815272
0.812377
0.812156
0.812642
0.812252
0.812345
0.821347
0.811844
0.813316
0.813597
0.813033
0.812064
0.812236
0.831208
0.812578
0.812814
0.811967
0.812422
0.812516
0.811906
0.812345
0.843292
0.812923
0.812125
0.812109
0.813425
0.812877
0.813252
0.813675
0.820295
0.814913
0.813972
0.823177
0.81568
0.815444
0.814456
0.826402
0.814348
0.815022
0.814114
0.814645
0.814239
0.814364
0.814694
0.81917
0.815161
0.814395
0.814491
0.814208
0.814378
0.813989
0.825072
0.814286
0.815491
0.814817
0.814347
0.814645
0.814237
0.814144
0.821
0.815114
0.814302
0.813895
0.81452
0.814364
0.814411
0.814083
0.819561
0.826573
