1.19159
1.17333
1.17236
1.17319
1.17246
1.17397
1.17851
1.22267
1.191
1.18081
1.17171
1.17308
1.17219
1.1792
1.17912
1.17792
1.17261
1.20472
1.17455
1.17149
1.17786
1.17889
1.17801
1.17639
1.1708
1.17561
1.18579
1.17216
1.17369
1.17494
1.17751
1.17817
1.17853
1.17929
1.17169
1.17302
1.19401
1.17375
1.17901
1.17266
1.17277
1.17845
1.17383
1.17283
1.17948
1.18452
1.17403
1.17388
1.17742
1.2094
1.18004
1.17453
1.17369
1.17227
1.19192
1.17121
1.17433
1.17781
1.17299
1.17789
1.17274
1.17851
1.17294
1.17583
1.21026
1.17266
1.17236
1.17962
1.17553
1.17842
1.19117
1.18026
1.1728
1.18109
1.17333
1.18343
1.17288
1.17322
1.17344
1.18165
1.17369
1.17291
1.21908
1.17355
1.17372
1.18093
1.17948
1.17366
1.17299
1.18065
1.17508
1.17433
1.19306
1.17761
1.18187
1.18043
1.18249
1.17895
1.18176
1.17341
