4.422
4.406
4.363
4.374
4.394
4.337
4.396
4.422
4.316
4.381
4.379
4.382
4.389
4.417
4.345
4.315
4.371
4.373
4.400
4.339
4.409
4.327
4.385
4.396
4.392
4.335
4.429
4.383
4.458
4.366
4.350
4.337
4.325
4.362
4.334
4.378
4.290
4.377
4.360
4.366
4.372
4.359
4.326
4.368
4.396
4.371
4.360
4.471
4.354
4.399
4.366
4.325
4.371
4.361
4.406
4.333
4.340
4.359
4.361
4.343
4.364
4.403
4.359
4.376
4.392
4.365
4.424
4.408
4.403
4.319
4.351
4.349
4.363
4.388
4.398
4.371
4.322
4.356
4.392
4.430
4.368
4.387
4.384
4.385
4.346
4.394
4.343
4.321
4.386
4.362
4.414
4.362
4.436
4.383
4.335
4.415
4.384
4.356
4.344
4.388
