1.19079
1.15584
1.15352
1.15257
1.16064
1.15318
1.15266
1.15252
1.18078
1.15931
1.15872
1.15873
1.17497
1.15857
1.15836
1.15801
1.17538
1.15919
1.15803
1.15769
1.15793
1.1629
1.15796
1.15763
1.15793
1.17589
1.1578
1.15892
1.15951
1.16592
1.1583
1.15975
1.15829
1.17295
1.15895
1.15866
1.15856
1.15947
1.17086
1.15866
1.15867
1.15894
1.16329
1.15877
1.15853
1.15901
1.16235
1.15941
1.15946
1.15881
1.16912
1.15915
1.15889
1.15888
1.16164
1.15894
1.15851
1.15869
1.15873
1.16261
1.15858
1.15949
1.15773
1.16903
1.15929
1.15877
1.15866
1.16299
1.15778
1.15884
1.15867
1.1679
1.15842
1.19542
1.16023
1.15779
1.19273
1.15815
1.15767
1.15779
1.17041
1.1574
1.15824
1.15809
1.1627
1.15895
1.15836
1.15859
1.1625
1.15808
1.15825
1.15791
1.16762
1.15838
1.15858
1.15747
1.15774
1.16154
1.15799
1.1574
