2.794
2.790
2.785
2.773
2.821
2.841
2.829
2.861
2.834
2.829
2.799
2.833
2.844
2.835
2.848
2.810
2.814
2.830
2.834
2.817
2.804
2.774
2.776
2.775
2.767
2.778
2.778
2.763
2.777
2.779
2.780
2.792
2.774
2.759
2.765
2.789
2.775
2.776
2.780
2.773
2.763
2.770
2.783
2.782
2.773
2.776
2.761
2.770
2.773
2.790
2.788
2.783
2.776
2.764
2.767
2.781
2.771
2.777
2.790
2.764
2.764
2.795
2.783
2.772
2.791
2.823
2.829
2.845
2.838
2.834
2.836
2.842
2.828
2.830
2.832
2.813
2.794
2.807
2.810
2.828
2.798
2.801
2.811
2.807
2.800
2.822
2.802
2.798
2.830
2.812
2.833
2.815
2.768
2.763
2.779
2.770
2.782
2.782
2.781
2.785
