1.19638
1.15889
1.15827
1.18106
1.15768
1.15967
1.15904
1.16138
1.16198
1.15723
1.15894
1.16114
1.16331
1.15632
1.15725
1.15699
1.17116
1.19512
1.15763
1.16022
1.15973
1.15913
1.15793
1.15702
1.16077
1.15857
1.15514
1.15866
1.15894
1.16884
1.16069
1.15916
1.15779
1.16307
1.15419
1.15409
1.1566
1.16626
1.15826
1.15861
1.15701
1.16233
1.16148
1.16031
1.15762
1.15712
1.16918
1.162
1.16188
1.15886
1.16543
1.16101
1.16021
1.15742
1.16317
1.15949
1.15924
1.1609
1.16786
1.15799
1.15709
1.15965
1.15831
1.16401
1.15812
1.15914
1.16139
1.17805
1.159
1.15791
1.1578
1.17169
1.15876
1.16149
1.16023
1.16214
1.17934
1.15793
1.16002
1.16694
1.15833
1.16174
1.158
1.15997
1.15973
1.15646
1.16223
1.15782
1.16379
1.15852
1.16222
1.16031
1.16744
1.16202
1.16122
1.15999
1.16689
1.162
1.16034
1.15959
