0.815647
0.815288
0.818011
0.8151
0.814973
0.815475
0.826573
0.817636
0.815381
0.815241
0.815256
0.815209
0.815131
0.815272
0.824602
0.815223
0.814692
0.815819
0.815037
0.815145
0.815005
0.815412
0.831772
0.816211
0.815241
0.815256
0.815147
0.81568
0.815272
0.82097
0.815584
0.815178
0.814897
0.815131
0.815069
0.81485
0.815084
0.819905
0.815428
0.816148
0.814817
0.815272
0.814803
0.815553
0.832287
0.815131
0.815506
0.814944
0.814866
0.815116
0.814991
0.815194
0.839458
0.816148
0.834652
0.815116
0.816273
0.81535
0.814864
0.821767
0.820359
0.814881
0.815662
0.815475
0.815163
0.81502
0.815428
0.828422
0.8151
0.820345
0.815022
0.815163
0.815209
0.815053
0.95572
0.821298
0.81485
0.814989
0.815303
0.815083
0.815052
0.821205
0.850509
0.814897
0.815381
0.815225
0.881583
0.815037
0.814787
0.815381
0.823883
0.814817
0.815286
0.815319
0.815005
0.81502
0.815163
0.826402
0.814848
0.815194
