1.28544
1.28099
1.28039
1.31305
1.27894
1.27955
1.27999
1.28091
1.27983
1.28019
1.27991
1.27975
1.27951
1.27911
1.27979
1.32567
1.28179
1.29185
1.27919
1.27951
1.28007
1.28043
1.27951
1.27999
1.27963
1.28003
1.28031
1.30063
1.28244
1.27939
1.27955
1.27967
1.27959
1.28003
1.27927
1.27947
1.27963
1.28279
1.28251
1.28131
1.31418
1.28163
1.29057
1.28023
1.28223
1.28167
1.28131
1.28175
1.28107
1.28203
1.28308
1.28171
1.29393
1.28215
1.28071
1.28208
1.28099
1.28179
1.282
1.28223
1.28167
1.28195
1.28175
1.28207
1.31145
1.28251
1.28144
1.29013
1.28171
1.28224
1.28139
1.28231
1.28175
1.28115
1.28155
1.28239
1.28255
1.29618
1.28159
1.28256
1.28207
1.28199
1.28195
1.28207
1.28159
1.28227
1.28271
1.28283
1.28135
1.29342
1.28043
1.29558
1.28195
1.28199
1.28256
1.28304
1.28255
1.28199
1.28336
1.28127
