0.830661
0.853643
0.816564
0.816424
0.826553
0.838325
0.825521
0.818207
0.836321
0.825852
0.829849
0.816945
0.816915
0.816554
0.816815
0.821303
0.816254
0.816975
0.816595
0.816384
0.824249
0.816264
0.816334
0.816273
0.816284
0.837874
0.823257
0.816484
0.816203
0.816143
0.821684
0.816984
0.816173
0.816804
0.821213
0.816174
0.816273
0.816634
0.816174
0.827214
0.816634
0.816344
0.816604
0.817135
0.821273
0.816464
0.817125
0.816754
0.816645
0.827735
0.816524
0.816594
0.815983
0.816304
0.820632
0.829779
0.816323
0.816594
0.816674
0.828165
0.816454
0.816524
0.816414
0.816695
0.820341
0.816845
0.816614
0.816694
0.820992
0.816414
0.816604
0.816565
0.816434
0.827796
0.816454
0.816223
0.816425
0.816333
0.820291
0.816684
0.816714
0.816284
0.816584
0.820772
0.817506
0.816304
0.816434
0.816535
0.828056
0.816464
0.816253
0.816895
0.816464
0.821985
0.816063
0.816003
0.816153
0.816484
0.827033
0.816584
