4.477
5.031
5.011
4.375
5.025
5.717
5.141
4.638
4.339
4.383
4.966
4.311
4.305
4.764
4.093
5.008
5.704
5.681
5.684
4.331
5.704
4.283
5.706
4.960
4.892
4.917
4.667
4.318
4.241
4.990
5.666
5.074
4.341
5.699
4.317
5.695
4.959
5.372
4.759
4.835
4.846
4.377
5.420
5.104
4.997
5.212
5.000
5.017
4.682
5.675
5.070
5.683
5.140
4.088
5.108
5.702
4.105
4.510
5.058
5.655
5.686
5.692
5.259
5.037
5.571
4.975
5.664
5.294
5.113
4.830
4.991
5.044
5.680
5.084
4.711
5.690
5.355
4.148
5.000
5.730
5.684
4.703
5.095
4.345
5.698
5.444
4.966
5.169
4.681
5.210
4.298
4.340
5.577
4.933
4.838
4.884
4.626
4.340
4.991
4.940
