14.317
13.278
13.282
13.362
13.341
13.391
13.253
13.318
13.321
13.314
13.250
13.220
13.373
13.304
13.330
13.457
13.292
13.267
13.396
13.299
13.393
13.334
13.421
13.338
13.239
13.359
13.356
13.306
13.363
13.362
13.357
13.352
13.310
13.332
13.283
13.295
13.296
13.316
13.220
13.231
13.235
13.260
13.272
13.286
13.242
13.397
13.248
13.303
13.275
13.296
13.367
13.350
13.268
13.422
13.397
13.439
13.372
13.409
13.476
13.394
13.422
13.310
13.436
13.371
13.328
13.323
13.476
13.445
13.407
13.418
13.400
13.396
13.340
13.365
13.402
13.394
13.393
13.387
13.350
13.321
13.334
13.446
13.359
13.367
13.380
13.372
13.369
13.299
13.228
13.232
13.336
13.422
13.433
13.342
13.310
13.363
13.457
13.275
13.283
13.517
