2.836
2.840
2.856
2.821
2.830
2.847
2.830
2.836
2.763
2.805
2.791
2.804
2.803
2.818
2.796
2.799
2.772
2.790
2.810
2.822
2.811
2.811
2.836
2.849
2.828
2.851
2.849
2.844
2.846
2.856
2.861
2.842
2.848
2.867
2.855
2.841
2.857
2.859
2.857
2.841
2.844
2.839
2.855
2.833
2.843
2.835
2.830
2.857
2.853
2.832
2.851
2.852
2.845
2.826
2.842
2.846
2.829
2.826
2.858
2.843
2.865
2.812
2.822
2.826
2.818
2.803
2.853
2.814
2.797
2.809
2.841
2.813
2.801
2.812
2.831
2.845
2.837
2.823
2.824
2.835
2.865
2.859
2.862
2.869
2.852
2.875
2.837
2.861
2.852
2.868
2.844
2.850
2.850
2.848
2.830
2.886
2.858
2.849
2.869
2.852
