0.813394
0.812031
0.811781
0.8115
0.811844
0.840867
0.812533
0.812533
0.81225
0.812422
0.812078
0.811953
0.812031
0.817839
0.811514
0.811562
0.811061
0.811391
0.811233
0.811108
0.81845
0.811795
0.811327
0.811389
0.811327
0.811547
0.811295
0.811969
0.823913
0.811077
0.811514
0.81142
0.811577
0.811436
0.811498
0.816744
0.811578
0.811375
0.811139
0.811297
0.810967
0.811344
0.811514
0.823005
0.811922
0.811155
0.811233
0.811139
0.811139
0.811311
0.811405
0.816195
0.811953
0.811436
0.81128
0.81142
0.811327
0.811452
0.814316
0.811139
0.811813
0.811406
0.811156
0.811139
0.811327
0.811266
0.821016
0.811561
0.811422
0.811375
0.811312
0.810809
0.811623
0.811186
0.814833
0.811389
0.811233
0.811516
0.81142
0.811139
0.811452
0.821659
0.811688
0.811797
0.811438
0.812125
0.811639
0.811123
0.811578
0.815288
0.810998
0.811342
0.81175
0.811123
0.811264
0.81117
0.821925
0.811108
0.811609
0.811327
