0.830761
0.865787
0.834518
0.829589
0.828707
0.829248
0.842883
0.833726
0.829778
0.827735
0.836151
0.832625
0.832244
0.829348
0.830731
0.843184
0.832413
0.832784
0.829699
0.829258
0.836521
0.832364
0.832213
0.829859
0.829308
0.842232
0.834958
0.833646
0.829058
0.837724
0.832293
0.832844
0.829969
0.829408
0.836642
0.832153
0.831533
0.829318
0.831302
0.858192
0.833906
0.83034
0.830791
0.83039
0.836151
0.832835
0.831222
0.831182
0.831262
0.844366
0.834657
0.83038
0.828526
0.834006
0.832284
0.832584
0.829759
0.831031
0.840649
0.832164
0.83007
0.832625
0.829759
0.834428
0.831221
0.830229
0.83067
0.831201
0.844827
0.831863
0.830621
0.83045
0.835049
0.831773
0.828947
0.829078
0.830119
0.841991
0.830691
0.829728
0.828025
0.831502
0.837994
0.831523
0.830049
0.829509
0.829809
0.834377
0.829908
0.830881
0.829408
0.829898
0.831693
0.829819
0.83072
0.83026
0.834047
0.829428
0.828717
0.829919
