1.2073
1.16374
1.16727
1.16621
1.16273
1.18412
1.16333
1.16787
1.16518
1.16427
1.1642
1.16726
1.16496
1.16469
1.16345
1.1632
1.19234
1.16348
1.16524
1.16278
1.165
1.18801
1.16372
1.16442
1.16338
1.16536
1.16305
1.1776
1.16423
1.16539
1.16366
1.1652
1.18847
1.16341
1.16557
1.16705
1.16411
1.17003
1.16276
1.16348
1.16433
1.16624
1.16602
1.1653
1.16419
1.16799
1.16489
1.16488
1.17015
1.16533
1.16295
1.16536
1.16392
1.16931
1.16691
1.16629
1.16433
1.16564
1.17613
1.16345
1.16799
1.1651
1.16367
1.16611
1.16842
1.16513
1.16499
1.16705
1.1648
1.17388
1.16384
1.16547
1.1656
1.16611
1.16815
1.16417
1.16444
1.16724
1.16649
1.1659
1.17004
1.16568
1.16795
1.16322
1.16627
1.17609
1.16818
1.16633
1.16569
1.16522
1.17012
1.16414
1.16547
1.16508
1.1664
1.16763
1.17654
1.16881
1.1668
1.16384
