1.14973
1.15113
1.17354
1.15273
1.15167
1.15256
1.16497
1.15965
1.16013
1.16481
1.16057
1.18142
1.1702
1.1541
1.15155
1.15235
1.15906
1.16431
1.51105
1.39513
1.84921
2.00815
2.00077
2.00611
2.00012
2.01671
1.39241
1.1597
1.1634
1.15976
1.16044
1.16074
1.17181
1.16
1.16013
1.16521
1.1603
1.16012
1.1594
1.16341
1.1599
1.15932
1.17167
1.16038
1.16019
1.1636
1.15995
1.15964
1.15921
1.1718
1.16027
1.16078
1.16453
1.1603
1.16106
1.21525
1.17403
1.15978
1.1602
1.16474
1.15986
1.15965
1.16376
1.15921
1.1603
1.16043
1.17143
1.16041
1.16042
1.18194
1.16093
1.16173
1.16138
1.17198
1.1601
1.16003
1.16473
1.16009
1.17841
1.15276
1.16639
1.15063
1.15166
1.15675
1.15195
1.15232
1.15653
1.15198
1.15182
1.15183
1.16385
1.15274
1.15257
1.15756
1.15288
1.15212
1.15294
1.16402
1.15243
1.15348
