4.785
4.629
4.628
4.758
3.682
3.177
3.182
3.224
3.179
3.176
3.276
3.174
3.180
3.174
3.178
3.173
3.179
3.172
3.205
3.173
3.183
3.173
3.182
3.173
3.173
3.181
3.245
3.080
2.675
2.679
2.673
2.676
2.678
2.671
2.677
2.691
2.680
2.672
2.673
2.678
2.673
2.677
2.673
2.674
2.698
2.672
2.673
2.673
2.676
2.705
2.672
2.675
2.673
2.719
2.673
2.677
2.672
2.672
2.672
2.672
2.673
2.673
2.671
2.690
2.763
2.673
2.679
2.673
2.672
2.674
2.675
2.674
2.719
2.676
2.672
2.679
2.671
2.674
2.673
2.673
2.673
2.775
2.674
2.675
2.674
2.673
2.673
2.672
2.673
2.673
2.691
2.676
2.676
2.673
2.673
2.672
2.705
2.677
2.672
2.674
