0.816844
0.81536
0.817044
0.81468
0.815324
0.818568
0.838444
0.816844
0.815964
0.815
0.81556
0.816604
0.815084
0.818128
0.81544
0.817444
0.816364
0.816204
0.81504
0.8152
0.815604
0.81528
0.81508
0.8152
0.815124
0.816324
0.843976
0.81516
0.815204
0.815604
0.816484
0.815644
0.81592
0.81504
0.815724
0.815404
0.816124
0.81516
0.815524
0.816768
0.815364
0.81536
0.81528
0.815524
0.816084
0.849948
0.81504
0.81508
0.81536
0.815484
0.81512
0.81548
0.81544
0.815
0.815
0.816604
0.81504
0.816964
0.81552
0.8154
0.815404
0.819372
0.815604
0.81568
0.832596
0.816324
0.81452
0.815284
0.815564
0.815
0.8152
0.815324
0.816764
0.81564
0.81492
0.926652
0.815724
0.815404
0.816
0.814964
0.815204
0.81504
0.81544
0.844376
0.81584
0.81504
0.816884
0.81548
0.814964
0.815164
0.81524
0.815604
0.816084
0.81524
0.81556
0.815404
0.815484
0.815124
0.81576
0.815444
