3.546
4.584
6.506
6.454
6.429
6.517
6.426
6.431
6.433
6.428
6.420
6.389
6.268
4.085
3.559
3.675
3.700
3.690
3.762
3.805
4.245
4.485
6.444
6.180
4.075
3.716
3.701
3.791
4.359
6.483
6.404
6.286
4.571
6.239
4.120
4.106
4.159
4.188
4.515
5.972
4.541
6.342
6.438
6.425
6.192
4.350
6.391
6.416
6.436
6.196
4.142
3.655
3.572
3.574
3.637
4.095
4.440
6.415
6.184
4.441
4.953
6.257
4.110
4.098
4.439
6.496
6.258
4.375
6.237
4.245
4.319
4.433
6.470
6.189
4.193
4.511
6.230
4.415
4.431
6.184
4.466
6.437
6.428
6.129
4.573
6.276
4.448
6.265
4.428
6.276
4.050
3.736
3.711
3.497
3.667
3.704
3.778
4.435
4.440
6.154
