4.467
4.315
4.307
4.388
4.398
4.194
4.355
4.328
4.252
4.300
4.341
4.382
4.402
4.386
4.403
4.398
4.391
4.194
4.159
4.354
4.386
4.395
4.244
4.253
4.329
4.374
4.392
4.323
4.269
4.279
4.405
4.396
4.311
4.360
4.414
4.315
4.251
4.285
4.315
4.262
4.361
4.266
4.316
4.275
4.323
4.258
4.327
4.309
4.373
4.391
4.395
4.331
4.398
4.404
4.375
4.381
4.289
4.341
4.266
4.303
4.325
4.374
4.317
4.342
4.308
4.308
4.341
4.315
4.307
4.254
4.288
4.338
4.359
4.403
4.376
4.360
4.385
4.302
4.231
4.378
4.446
4.258
4.397
4.398
4.397
4.377
4.392
4.323
4.355
4.382
4.391
4.338
4.388
4.388
4.304
4.284
4.284
4.351
4.301
4.224
