1.4049
1.40401
1.40373
1.40304
1.40309
1.45488
1.13996
0.812239
0.812267
0.811764
0.812211
0.811878
0.812378
0.812017
0.812544
0.812767
0.812572
0.820808
0.812964
0.814131
0.812794
0.812908
0.813631
0.8131
0.813128
0.813242
0.812933
0.813072
0.812825
0.813103
0.813214
0.821894
0.813742
0.814742
0.813267
0.813322
0.813714
0.813211
0.813464
0.813017
0.813239
0.813239
0.813239
0.813267
0.833944
0.813131
0.814967
0.813019
0.813297
0.813381
0.813547
0.8131
0.813461
0.813544
0.813211
0.813183
0.813406
0.813214
0.821144
0.812489
0.814075
0.813325
0.813547
0.813186
0.81335
0.813072
0.813072
0.813381
0.813408
0.813492
0.813214
0.827794
0.813658
0.814436
0.81335
0.813156
0.812683
0.813211
0.813183
0.813519
0.813158
0.813158
0.812992
0.81285
0.832944
0.813211
0.813294
0.814519
0.813519
0.813156
0.813128
0.812878
0.813381
0.813103
0.813131
0.812961
0.814328
0.813464
0.821506
0.813019
