4.415
4.225
4.231
4.193
4.196
4.212
4.184
4.205
4.202
4.209
4.241
4.200
4.174
4.186
4.179
4.218
4.166
4.177
4.209
4.234
4.203
4.187
4.239
4.190
4.183
4.173
4.191
4.196
4.217
4.185
4.217
4.179
4.245
4.182
4.181
4.290
4.227
4.190
4.195
4.193
4.173
4.194
4.195
4.173
4.207
4.218
4.200
4.203
4.190
4.183
4.187
4.172
4.200
4.208
4.173
4.187
4.180
4.192
4.211
4.216
4.211
4.193
4.195
4.210
4.239
4.268
4.211
4.211
4.169
4.185
4.197
4.229
4.179
4.210
4.197
4.194
4.180
4.169
4.238
4.190
4.182
4.231
4.197
4.179
4.216
4.215
4.182
4.188
4.244
4.187
4.170
4.195
4.181
4.247
4.327
4.198
4.190
4.287
4.200
4.183
