0.816588
0.815963
0.8149
0.815712
0.8159
0.815338
0.815275
0.815275
0.816213
0.815837
0.815462
0.8159
0.815269
0.816525
0.816275
0.815963
0.815019
0.815462
0.848269
0.815894
0.815456
0.816525
0.815963
0.817588
0.815394
0.81665
0.815087
0.815963
0.815963
0.815712
0.816275
0.815519
0.815644
0.815775
0.816519
0.815581
0.815644
0.816338
0.815837
0.815588
0.814644
0.81565
0.814769
0.815837
0.815712
0.815588
0.816525
0.816144
0.8323
0.815837
0.816462
0.815019
0.815331
0.820531
0.814963
0.815025
0.816025
0.815144
0.815019
0.815837
0.815769
0.815519
0.821219
0.815956
0.816144
0.815519
0.815519
0.814831
0.815394
0.815894
0.815581
0.816087
0.815081
0.815894
0.815019
0.816081
0.815144
0.815894
0.897487
0.814456
0.815837
0.815462
0.816338
0.816525
0.815588
0.815025
0.815837
0.816338
0.816213
0.815712
0.815963
0.815525
0.816213
0.81565
0.815081
0.815588
0.816269
0.815644
0.815769
0.815394
