1.1669
1.16971
1.17024
1.17013
1.17057
1.17041
1.16971
1.20453
1.17102
1.17113
1.17099
1.1718
1.17191
1.17191
1.17133
1.17146
1.19381
1.17241
1.17121
1.17202
1.17135
1.17191
1.17121
1.17169
1.1713
1.17182
1.2028
1.16943
1.17074
1.20378
1.17147
1.17197
1.17188
1.17219
1.17149
1.18863
1.17355
1.20355
1.17174
1.1713
1.17135
1.17113
1.17091
1.17962
1.17653
1.17174
1.17283
1.17227
1.17088
1.19108
1.17177
1.17247
1.17163
1.17202
1.20266
1.16787
1.17124
1.17169
1.17138
1.17155
1.18296
1.17274
1.17202
1.1812
1.17102
1.17158
1.17166
1.17185
1.17127
1.18137
1.17091
1.17166
1.23458
1.16531
1.17191
1.17973
1.17208
1.17207
1.17127
1.17141
1.17096
1.1829
1.17803
1.17132
1.17155
1.17291
1.17199
1.17199
1.17185
1.17172
1.17219
1.17839
1.17219
1.1723
1.17272
1.17205
1.17141
1.17199
1.17233
1.1718
