1.18924
1.17513
1.1791
1.17918
1.16747
1.17646
1.18993
1.20956
1.18766
1.18474
1.1758
1.17875
1.17501
1.17126
1.17278
1.21441
1.17726
1.19973
1.1682
1.17284
1.16686
1.16687
1.17355
1.16707
1.16709
1.18088
1.16945
1.16696
1.17389
1.16616
1.16811
1.16918
1.16997
1.17691
1.16768
1.16635
1.17107
1.16611
1.16845
1.18106
1.16992
1.16762
1.16806
1.17317
1.17348
1.17948
1.17494
1.18224
1.17933
1.18538
1.18589
1.17581
1.17251
1.18173
1.17403
1.17513
1.18175
1.17524
1.17599
1.17534
1.17526
1.18062
1.17567
1.17372
1.18288
1.17504
1.17466
1.17019
1.22513
1.17511
1.19509
1.17487
1.18004
1.17271
1.17057
1.17993
1.17075
1.17384
1.18648
1.17414
1.17438
1.18205
1.17556
1.18559
1.18263
1.20843
1.18767
1.16908
1.16786
1.18264
1.16686
1.16513
1.16407
1.1665
1.16714
1.17935
1.1736
1.18797
1.17637
1.17461
