5.737
5.838
4.468
3.219
3.214
3.215
3.218
3.215
3.236
3.213
3.218
3.214
3.219
3.215
3.217
3.257
3.231
3.214
3.219
3.215
3.216
3.212
3.215
3.258
3.216
3.211
3.216
3.211
3.215
3.212
3.212
3.226
3.213
3.213
3.212
3.213
3.213
3.212
3.212
3.254
3.213
3.210
3.212
3.211
3.212
3.211
3.225
3.210
3.211
3.211
3.211
3.211
3.212
3.211
3.337
3.213
3.211
3.211
3.211
3.211
3.211
3.211
3.251
3.210
3.211
3.211
3.211
3.210
3.210
3.228
3.211
3.211
3.212
3.210
3.213
3.210
3.212
3.251
3.213
3.213
3.211
3.211
3.210
3.211
3.212
3.231
3.211
3.209
3.211
3.211
3.210
3.240
3.212
3.283
3.212
3.212
3.212
3.212
3.211
3.212
