6.529
6.461
6.525
4.405
4.578
4.639
4.645
6.610
6.640
6.640
6.639
6.671
6.642
6.639
6.668
6.477
5.571
5.595
5.614
5.601
5.598
3.740
3.796
5.566
5.606
5.632
5.607
3.778
3.801
5.603
5.583
5.583
5.588
5.599
5.615
6.235
6.235
6.229
6.276
6.200
6.231
6.223
6.248
6.219
6.224
6.228
5.929
5.545
5.546
5.582
5.558
5.586
5.586
5.594
5.596
3.780
3.801
5.596
5.593
5.570
5.591
5.588
5.593
5.595
5.602
5.591
5.593
5.612
6.264
6.231
6.231
6.257
6.248
6.230
6.227
6.227
6.236
6.230
6.229
6.229
5.887
3.793
5.593
5.591
5.593
5.602
5.593
5.592
5.591
5.598
5.587
5.561
5.591
5.613
4.577
3.796
5.592
5.593
5.591
5.601
