4.429
5.150
4.452
5.148
4.156
3.940
4.625
4.412
3.708
3.897
4.264
4.331
4.319
4.171
3.749
3.773
4.781
4.284
3.655
4.008
3.823
4.655
6.141
3.829
4.005
4.844
3.904
3.808
3.926
4.144
3.831
3.631
3.970
3.853
4.030
5.536
5.255
3.707
3.791
3.693
5.026
4.308
3.916
3.884
4.330
3.875
4.313
4.035
4.124
3.740
3.720
3.708
3.717
4.130
3.795
5.038
4.368
3.722
4.574
5.348
6.193
3.643
3.887
4.805
4.085
4.708
3.845
3.850
3.716
3.819
3.762
4.222
4.487
3.616
4.203
4.114
4.716
6.493
4.326
4.106
5.129
4.350
3.815
3.737
3.734
4.647
4.190
3.783
5.050
4.995
3.768
3.792
3.952
4.809
4.331
4.407
3.697
3.913
3.749
3.645
