2.856
2.778
2.750
2.803
2.749
2.754
2.750
2.773
2.750
2.774
2.744
2.739
2.745
2.741
2.763
2.743
2.750
2.749
2.755
2.751
2.745
2.788
2.743
2.783
2.739
2.759
2.737
2.741
2.740
2.736
2.747
2.739
2.768
2.742
2.748
2.741
2.760
2.746
2.744
2.747
2.739
2.752
2.741
2.772
2.744
2.740
2.766
2.752
2.762
2.742
2.745
2.736
2.770
2.757
2.751
2.770
2.743
2.759
2.737
2.747
2.738
2.749
2.739
2.735
2.757
2.740
2.765
2.743
2.763
2.740
2.751
2.737
2.738
2.756
2.738
2.746
2.744
2.746
2.757
2.757
2.699
2.731
2.768
2.768
2.776
2.770
2.777
2.743
2.747
2.753
2.738
2.761
2.740
2.746
2.740
2.743
2.732
2.765
2.759
2.735
