1.35601
1.3844
1.34019
1.33518
1.3336
1.33413
1.34298
1.33363
1.33382
1.33388
1.35346
1.34629
1.34033
1.33354
1.33299
1.34052
1.33446
1.33462
1.33407
1.33358
1.35282
1.33676
1.33446
1.33368
1.34019
1.33491
1.33347
1.33393
1.33303
1.34019
1.3339
1.33297
1.33343
1.33408
1.34858
1.33451
1.33372
1.33333
1.33931
1.3339
1.33415
1.33532
1.33361
1.34756
1.33523
1.33463
1.33609
1.33739
1.34282
1.33516
1.33465
1.33491
1.33808
1.33433
1.33493
1.33527
1.33534
1.34526
1.33947
1.33585
1.33548
1.33534
1.34282
1.33491
1.33516
1.33526
1.34445
1.33588
1.33502
1.33552
1.33321
1.34116
1.33372
1.33385
1.33338
1.33421
1.34789
1.33415
1.3335
1.33399
1.33869
1.33491
1.33288
1.33427
1.33374
1.34673
1.334
1.33317
1.33386
1.33466
1.34319
1.33335
1.33393
1.33504
1.3393
1.33422
1.33451
1.3352
1.33382
1.34571
