1.19267
1.18145
1.18148
1.21975
1.18204
1.17959
1.18274
1.18065
1.1802
1.17781
1.17311
1.18215
1.19882
1.18184
1.18143
1.18301
1.18079
1.18129
1.1824
1.18056
1.17959
1.18466
1.17876
1.18006
1.18262
1.17906
1.18265
1.17959
1.20714
1.18388
1.18571
1.20405
1.18212
1.17336
1.18435
1.18956
1.18351
1.17992
1.18207
1.18357
1.18284
1.18274
1.17825
1.18321
1.18301
1.1831
1.18187
1.18332
1.1834
1.23814
1.19651
1.18488
1.18535
1.18137
1.19701
1.17731
1.18304
1.18179
1.22454
1.19312
1.17817
1.17566
1.17572
1.1819
1.18477
1.1807
1.18257
1.18221
1.19053
1.18363
1.18265
1.17987
1.17478
1.18362
1.1836
1.18265
1.1824
1.20302
1.19612
1.18454
1.18318
1.17845
1.18109
1.18307
1.18162
1.18263
1.19006
1.17856
1.18307
1.17828
1.18226
1.18329
1.18293
1.18065
1.18106
1.18265
1.20191
1.1829
1.18187
1.17366
