1.15858
1.17315
1.15767
1.15848
1.17681
1.15847
1.15911
1.1748
1.15474
1.17225
1.15541
1.16365
1.16667
1.17263
1.15499
1.17194
1.16185
1.17014
1.18848
1.16224
1.16883
1.19158
1.16325
1.1742
1.16355
1.16048
1.19981
1.1644
1.16082
1.1734
1.16354
1.16269
1.18255
1.17064
1.16088
1.19049
1.16597
1.17725
1.16403
1.16224
1.17712
1.16883
1.16556
1.17317
1.20587
1.1631
1.17384
1.15717
1.16188
1.17787
1.16643
1.16914
1.16647
1.16373
1.18235
1.16689
1.16397
1.16944
1.16535
1.16524
1.16772
1.19019
1.16829
1.1843
1.16768
1.17133
1.162
1.16119
1.22177
1.16481
1.16884
1.17986
1.16413
1.16347
1.18188
1.16315
1.16879
1.16517
1.16777
1.17512
1.16349
1.16313
1.17103
1.16261
1.1641
1.16604
1.162
1.16134
1.17638
1.16318
1.16095
1.17705
1.16177
1.17454
1.16445
1.16296
1.16977
1.16355
1.16206
1.16813
