1.38092
1.35592
1.35076
1.36965
1.34709
1.3459
1.34587
1.35207
1.34611
1.34604
1.36176
1.34352
1.37799
1.34346
1.34371
1.34376
1.34437
1.35187
1.34047
1.38172
1.33812
1.36627
1.33668
1.33493
1.33495
1.33499
1.34363
1.3351
1.33449
1.33524
1.33958
1.33623
1.33642
1.33657
1.33656
1.34733
1.33189
1.3322
1.33255
1.33136
1.33815
1.33111
1.33131
1.33103
1.34143
1.33084
1.33192
1.33169
1.33164
1.33722
1.33195
1.33109
1.33169
1.33172
1.3604
1.33116
1.33153
1.33141
1.33851
1.33181
1.33178
1.33095
1.33205
1.33808
1.33161
1.33152
1.33145
1.33152
1.37345
1.33477
1.33105
1.33088
1.33809
1.33227
1.33197
1.33225
1.33218
1.33734
1.33217
1.33216
1.36527
1.33069
1.34487
1.32928
1.32785
1.33001
1.332
1.32867
1.32939
1.32969
1.33033
1.34784
1.33056
1.40933
1.35201
1.32643
1.33817
1.32488
1.32411
1.32447
