3.287
3.265
3.233
3.264
3.231
3.264
3.230
3.324
3.230
3.279
3.227
3.266
3.276
3.244
3.228
3.283
3.227
3.261
3.231
3.258
3.229
3.261
3.280
3.269
3.231
3.279
3.231
3.262
3.233
3.261
3.265
3.292
3.229
3.263
3.230
3.260
3.229
3.321
3.230
3.268
3.230
3.278
3.231
3.267
3.231
3.292
3.232
3.256
3.215
3.213
3.245
3.214
3.214
3.234
3.212
3.211
3.211
3.209
3.211
3.212
3.258
3.212
3.211
3.211
3.212
3.211
3.211
3.212
3.226
3.213
3.215
3.212
3.212
3.210
3.212
3.213
3.253
3.212
3.212
3.212
3.212
3.212
3.213
3.212
3.224
3.211
3.211
3.213
3.212
3.239
3.211
3.257
3.213
3.212
3.212
3.211
3.211
3.211
3.213
3.225
