1.17026
1.16154
1.15777
1.18097
1.15959
1.15882
1.16352
1.16405
1.16802
1.1658
1.16397
1.16395
1.16137
1.16223
1.16812
1.18772
1.16417
1.16294
1.16326
1.17247
1.16542
1.16456
1.16497
1.16514
1.17305
1.1652
1.16192
1.16705
1.15952
1.16539
1.1942
1.1614
1.16212
1.16059
1.16402
1.1777
1.15916
1.16233
1.1638
1.16032
1.16403
1.15984
1.1592
1.15874
1.16312
1.16247
1.16259
1.16297
1.16524
1.16245
1.16441
1.18013
1.16464
1.15921
1.16405
1.1666
1.16915
1.15893
1.15918
1.16147
1.16142
1.15782
1.16816
1.1591
1.15971
1.16624
1.17599
1.17394
1.16691
1.16506
1.16633
1.16456
1.16461
1.15948
1.15868
1.1592
1.16264
1.16352
1.17188
1.16375
1.16035
1.15858
1.161
1.1705
1.16258
1.16087
1.16503
1.1645
1.1632
1.1594
1.1619
1.1596
1.16073
1.16514
1.17623
1.16599
1.1597
1.1601
1.16081
1.1691
