4.840
5.631
5.737
5.668
5.629
5.828
5.321
5.104
5.270
5.634
5.633
5.641
5.187
5.773
5.771
5.876
5.100
5.133
5.640
5.632
5.625
5.220
5.620
5.797
5.773
5.767
5.748
5.744
5.128
4.310
5.431
4.819
6.253
5.263
5.642
5.640
5.633
5.637
5.628
5.772
5.175
5.619
5.614
5.810
5.119
5.648
5.177
5.633
5.639
5.287
5.250
4.653
5.648
5.629
5.625
5.286
5.625
5.655
5.780
4.365
5.654
5.630
5.803
5.627
5.638
4.623
4.460
5.761
5.641
5.333
6.262
5.778
5.621
5.370
4.651
5.628
4.744
5.633
5.787
5.794
5.799
6.268
5.629
5.642
5.771
5.647
5.803
5.303
5.643
4.930
5.773
4.978
5.623
4.312
5.629
5.777
5.627
6.122
5.723
5.786
