0.817656
0.827885
0.837734
0.822986
0.816444
0.816394
0.817846
0.822194
0.816744
0.816574
0.818368
0.815993
0.836401
0.816194
0.816384
0.816294
0.83007
0.816584
0.816474
0.816705
0.817827
0.837393
0.817295
0.81972
0.816744
0.818297
0.828446
0.816414
0.818538
0.816414
0.816344
0.821132
0.816484
0.816674
0.817446
0.819038
0.820742
0.816915
0.817096
0.816344
0.816354
0.841661
0.819069
0.816414
0.818348
0.823478
0.818377
0.816323
0.816163
0.816334
0.826422
0.818719
0.816183
0.817907
0.816224
0.820332
0.819399
0.817135
0.831422
0.818718
0.827334
0.816374
0.816895
0.816634
0.816344
0.821523
0.816504
0.816143
0.816344
0.816434
0.81975
0.818077
0.816284
0.817606
0.816093
0.826733
0.817617
0.816534
0.817415
0.821033
0.816364
0.816483
0.816314
0.816905
0.825881
0.818768
0.817346
0.817275
0.817105
0.821653
0.817015
0.818648
0.816804
0.82503
0.980881
0.824449
0.816965
0.816384
0.834197
0.82496
