1.21771
1.2077
1.17636
1.18622
1.20565
1.19058
1.18818
1.19006
1.18906
1.20782
1.18601
1.18024
1.18457
1.18966
1.19114
1.18244
1.19018
1.18854
1.25386
1.19262
1.19058
1.19086
1.18553
1.26252
1.18878
1.19006
1.19066
1.18473
1.19211
1.19062
1.18974
1.17972
1.18321
1.18674
1.18553
1.18874
1.22324
1.19154
1.1871
1.18822
1.18329
1.18333
1.18734
1.18874
1.18638
1.18878
1.19118
1.1889
1.18718
1.18982
1.18942
1.18978
1.18826
1.18982
1.18236
1.18128
1.1901
1.18986
1.19086
1.19062
1.18425
1.18898
1.19772
1.18273
1.1887
1.18754
1.19118
1.1796
1.18858
1.1806
1.18693
1.18597
1.19291
1.18674
1.18922
1.18702
1.21234
1.18088
1.18505
1.1925
1.1879
1.18601
1.1885
1.18453
1.18754
1.18954
1.18734
1.1897
1.18766
1.19992
1.18826
1.19327
1.18934
1.18373
1.18317
1.19114
1.18898
1.18758
1.1867
1.1885
