1.36303
1.23721
1.14438
1.15278
1.14857
1.16205
1.14816
1.14516
1.1517
1.15056
1.17834
1.14904
1.18374
1.14379
1.14463
1.15156
1.14771
1.19141
1.14731
1.16818
1.15254
1.14642
1.14436
1.14776
1.14479
1.15129
1.14747
1.16532
1.16342
1.1574
1.16391
1.16204
1.15742
1.16223
1.16133
1.1591
1.16121
1.15661
1.15816
1.15965
1.17538
1.16205
1.15965
1.15908
1.15585
1.16423
1.16278
1.16785
1.15841
1.19329
1.14438
1.14716
1.15201
1.14737
1.19165
1.14538
1.14833
1.14966
1.15573
1.16321
1.15943
1.1681
1.15996
1.16315
1.16
1.16415
1.15859
1.15955
1.16395
1.15732
1.15918
1.16301
1.16395
1.15978
1.15736
1.17024
1.15638
1.23136
1.16139
1.15992
1.1588
1.16333
1.17074
1.15906
1.16151
1.1599
1.16477
1.15675
1.17744
1.17153
1.16037
1.16201
1.16313
1.16109
1.16066
1.18143
1.16634
1.16137
1.15974
1.15573
