2.775
2.724
2.708
2.709
2.716
2.709
2.715
2.709
2.740
2.706
2.709
2.717
2.709
2.714
2.708
2.708
2.714
2.765
2.719
2.706
2.708
2.714
2.707
2.714
2.706
2.707
2.738
2.759
2.708
2.708
2.787
2.709
2.707
2.719
2.707
2.759
2.707
2.708
2.717
2.705
2.716
2.707
2.707
2.716
2.757
2.714
2.728
2.707
2.717
2.707
2.715
2.705
2.737
2.716
2.731
2.715
2.706
2.714
2.706
2.706
2.717
2.707
2.714
2.870
2.709
2.738
2.707
2.717
2.708
2.707
2.718
2.708
2.771
2.708
2.709
2.708
2.706
2.713
2.707
2.713
2.707
2.725
2.717
2.706
2.716
2.707
2.709
2.716
2.709
2.715
2.758
2.707
2.717
2.706
2.714
2.714
2.706
2.707
2.708
2.767
