0.81258
0.824336
0.811155
0.811123
0.811327
0.811531
0.811186
0.873645
0.81297
0.829642
0.811483
0.811561
0.811483
0.811608
0.811577
0.811953
0.816728
0.811875
0.811186
0.811608
0.811828
0.811389
0.811405
0.812047
0.816603
0.811389
0.81117
0.811202
0.812344
0.811139
0.811906
0.811531
0.824852
0.813675
0.813831
0.813987
0.813173
0.813706
0.813581
0.823709
0.815022
0.813159
0.814052
0.813755
0.813831
0.813816
0.813878
0.818011
0.813894
0.814144
0.813533
0.833195
0.880753
0.814411
0.826355
0.814159
0.813378
0.813425
0.814003
0.814019
0.814505
0.814678
0.819717
0.814083
0.813456
0.813691
0.813472
0.814208
0.813503
0.814583
0.817652
0.814786
0.814317
0.814661
0.814255
0.814333
0.814505
0.844733
0.814991
0.81427
0.814567
0.840413
0.814928
0.814239
0.814113
0.820812
0.814442
0.814237
0.814519
0.814427
0.814802
0.81452
0.817433
0.814019
0.815475
0.814239
0.814223
0.813628
0.814911
0.813894
