1.39213
1.37576
1.37874
1.37685
1.37771
1.37802
1.37718
1.3769
1.43883
1.38083
1.21441
1.16039
1.15866
1.15983
1.16031
1.16036
1.16069
1.17049
1.16083
1.161
1.16047
1.16097
1.15878
1.16125
1.16008
1.16053
1.16016
1.18783
1.17322
1.17494
1.17416
1.17472
1.17505
1.17408
1.17461
1.17411
1.18404
1.17397
1.17533
1.1745
1.17475
1.17403
1.17511
1.17414
1.17503
1.17469
1.18159
1.17458
1.17469
1.17486
1.17458
1.17444
1.17374
1.17522
1.17389
1.19765
1.17469
1.21104
1.16195
1.15989
1.15989
1.16067
1.16044
1.15966
1.17383
1.16081
1.16064
1.16008
1.16044
1.16047
1.16
1.16773
1.17341
1.17216
1.18031
1.17422
1.17316
1.17341
1.38728
1.17327
1.1728
1.17425
1.17361
1.24363
1.17416
1.17469
1.17447
1.17564
1.17416
1.17458
1.17481
1.17414
1.18187
1.17439
1.17553
1.17344
1.17517
1.17502
1.17494
1.17419
