4.795
5.075
5.712
4.775
4.970
4.520
5.065
4.758
4.756
4.932
5.822
5.786
5.764
5.053
4.283
4.889
5.248
4.528
4.760
5.756
5.042
5.177
4.746
4.762
4.508
5.776
5.754
4.765
5.390
5.442
5.024
5.617
5.236
5.734
5.647
4.539
5.909
4.340
5.063
4.509
5.038
4.730
4.862
4.942
5.760
5.740
4.938
4.981
4.903
5.218
5.754
5.050
4.406
5.168
4.393
4.875
4.512
5.649
5.891
4.941
5.525
4.749
5.743
4.730
5.113
4.343
4.769
5.161
5.048
4.959
4.888
4.885
4.933
4.762
5.747
5.881
4.811
5.945
5.644
4.839
5.929
5.747
4.771
6.046
5.638
4.960
5.927
5.581
4.915
5.766
5.620
4.800
5.881
5.131
5.002
5.605
5.920
4.767
4.319
5.188
