1.27632
1.2735
1.26931
1.26937
1.27081
1.26981
1.26849
1.26974
1.26906
1.26899
1.26943
1.26981
1.26962
1.27062
1.26937
1.26893
1.3117
1.26906
1.26943
1.26906
1.26974
1.26881
1.26913
1.26962
1.26949
1.26987
1.26937
1.26924
1.26824
1.26999
1.26893
1.26818
1.26893
1.26931
1.26887
1.29059
1.26874
1.27019
1.26761
1.26893
1.27238
1.27238
1.26918
1.26987
1.26968
1.26868
1.26906
1.26862
1.26968
1.26943
1.26893
1.27031
1.26968
1.26962
1.35459
1.26918
1.26874
1.26943
1.26988
1.27024
1.26887
1.27281
1.26918
1.272
1.26906
1.26956
1.27163
1.26937
1.26993
1.26849
1.26937
1.26874
1.26937
1.28784
1.2725
1.26906
1.26956
1.26887
1.27262
1.26999
1.26931
1.26949
1.26918
1.27124
1.27012
1.27206
1.27168
1.2725
1.27275
1.2725
1.27181
1.27087
1.27181
1.29229
1.27269
1.27231
1.26943
1.26924
1.26881
1.26812
