1.14892
1.15127
1.20228
1.16436
1.16307
1.16401
1.16432
1.1627
1.16362
1.17532
1.16282
1.16295
1.16436
1.16317
1.16321
1.16278
1.18793
1.16252
1.16313
1.16301
1.16303
1.16258
1.16282
1.17849
1.16331
1.16305
1.16331
1.16362
1.16307
1.16368
1.18354
1.16303
1.16325
1.16362
1.18666
1.16419
1.16333
1.18108
1.16906
1.16288
1.16387
1.16276
1.16317
1.20425
1.16356
1.1637
1.16248
1.16258
1.1699
1.16284
1.1791
1.16266
1.17182
1.18861
1.16395
1.16401
1.16268
1.21754
1.16215
1.16274
1.16399
1.17114
1.16321
1.17139
1.18041
1.16313
1.16391
1.16399
1.16358
1.1637
1.16417
1.16994
1.16311
1.16186
1.16436
1.16333
1.16297
1.16403
1.16902
1.16419
1.1635
1.16413
1.16368
1.1644
1.16252
1.19173
1.16434
1.16329
1.1637
1.16227
1.16405
1.16374
1.16761
1.16362
1.16387
1.16417
1.1634
1.16311
1.16384
1.1745
