3.247
3.212
3.210
3.211
3.224
3.211
3.211
3.234
3.214
3.245
3.211
3.211
3.211
3.212
3.221
3.212
3.211
3.211
3.211
3.220
3.211
3.211
3.211
3.211
3.298
3.212
3.211
3.211
3.212
3.221
3.211
3.210
3.226
3.211
3.237
3.212
3.211
3.211
3.211
3.253
3.248
3.212
3.211
3.211
3.240
3.212
3.239
3.212
3.255
3.212
3.211
3.210
3.209
3.239
3.213
3.211
3.211
3.228
3.221
3.212
3.211
3.211
3.211
3.237
3.212
3.212
3.211
3.212
3.223
3.212
3.211
3.208
3.208
3.217
3.208
3.207
3.209
3.208
3.236
3.208
3.208
3.208
3.222
3.217
3.210
3.208
3.208
3.207
3.217
3.209
3.209
3.274
3.210
3.244
3.207
3.208
3.208
3.208
3.216
3.208
