1.19648
1.16183
1.16222
1.16237
1.16253
1.17393
1.16528
1.16258
1.16032
1.16145
1.17438
1.16248
1.16683
1.16168
1.16561
1.16148
1.17543
1.16538
1.16117
1.1622
1.16528
1.17677
1.16582
1.16272
1.16189
1.1655
1.17893
1.16187
1.16087
1.16179
1.16189
1.16327
1.16997
1.1615
1.1661
1.16132
1.1658
1.17153
1.16708
1.16162
1.16173
1.16223
1.1738
1.16666
1.16582
1.16114
1.16547
1.163
1.17134
1.16564
1.1599
1.1619
1.1633
1.17347
1.16665
1.16215
1.16159
1.16655
1.18938
1.16317
1.16176
1.16535
1.16242
1.16126
1.18064
1.16264
1.16284
1.16722
1.16193
1.17386
1.16342
1.1627
1.17903
1.16193
1.17796
1.1674
1.16175
1.16363
1.16186
1.16178
1.18117
1.16178
1.16178
1.16134
1.16563
1.16954
1.16242
1.16095
1.16219
1.16212
1.1772
1.16197
1.16123
1.16201
1.16627
1.16121
1.1918
1.16254
1.16698
1.16322
