6.566
6.390
6.405
6.463
6.417
6.416
6.415
6.501
4.777
3.760
3.708
3.717
3.727
3.732
3.743
3.724
3.712
3.778
3.705
3.766
3.790
3.709
3.712
3.705
3.714
3.712
3.740
3.708
3.714
3.712
3.706
3.712
3.706
3.727
3.704
3.713
3.703
3.712
3.711
3.703
3.760
3.706
3.713
3.747
3.709
3.707
3.738
3.714
4.118
3.705
3.701
3.711
3.706
3.765
3.717
3.705
3.713
3.704
3.715
3.723
3.713
3.706
3.712
3.712
3.704
3.711
3.719
3.710
3.704
3.712
3.702
3.714
3.711
3.751
3.713
3.705
3.742
3.705
3.714
3.718
3.712
3.877
3.709
3.711
3.705
3.703
3.757
3.705
3.704
3.706
3.703
3.727
3.705
3.720
3.707
3.705
3.707
3.713
3.711
3.717
