0.818204
0.818008
0.815124
0.818888
0.817564
0.816364
0.815804
0.815684
0.817408
0.817124
0.817408
0.897036
0.817364
0.817644
0.817084
0.817528
0.818608
0.818164
0.908576
0.817724
0.818328
0.816924
0.816764
0.815884
0.81496
0.817484
0.818728
0.817404
0.816524
0.815204
0.8354
0.817844
0.817408
0.816404
0.816964
0.81556
0.816164
0.816964
0.817724
0.817044
0.815524
0.816684
0.817928
0.817448
0.815644
0.816084
0.818168
0.814964
0.816884
0.818608
0.872628
0.817288
0.817324
0.815884
0.817604
0.81468
0.8156
0.81564
0.817284
0.819132
0.816164
0.816124
0.815484
0.815244
0.817928
0.81612
0.817324
0.8154
0.817564
0.84626
0.817608
0.816324
0.818608
0.819128
0.816324
0.816004
0.818008
0.817808
0.815564
0.815884
0.817204
0.817004
0.816524
0.81564
0.818488
0.818248
0.817328
0.815684
0.836484
0.817124
0.815844
0.818968
0.818248
0.816044
0.81508
0.818368
0.818288
0.817568
0.816524
0.81516
