1.28448
1.27983
1.27967
1.27838
1.27919
1.27862
1.27871
1.30111
1.27871
1.29401
1.27863
1.27951
1.27875
1.27939
1.2781
1.27903
1.27851
1.27855
1.27871
1.31165
1.28147
1.30167
1.27907
1.27838
1.28175
1.27955
1.36026
1.27967
1.27955
1.27774
1.27903
1.27867
1.31626
1.27894
1.29638
1.27802
1.40402
1.27987
1.31229
1.27907
1.27887
1.27979
1.27943
1.27919
1.30115
1.27931
1.27875
1.27915
1.27939
1.27971
1.28007
1.27939
1.27871
1.28067
1.2785
1.27931
1.31602
1.54957
1.28151
1.30159
1.28163
1.28003
1.28107
1.27923
1.28163
1.28043
1.28071
1.27871
1.36431
1.27923
1.28043
1.28091
1.28091
1.28079
1.28131
1.28047
1.28071
1.28103
1.28163
1.28115
1.31369
1.28123
1.28007
1.29185
1.27875
1.27831
1.27967
1.27803
1.28127
1.29674
1.28091
1.28127
1.28143
1.29554
1.28083
1.28784
1.28039
1.28075
1.28059
1.28107
