3.516
3.577
3.573
3.574
3.567
3.587
3.581
3.568
3.563
3.524
3.568
3.567
3.574
3.521
3.555
3.558
3.568
3.567
3.585
3.577
3.546
3.565
3.585
3.564
3.566
3.566
3.570
3.536
3.569
3.548
3.556
3.576
3.566
3.573
3.579
3.589
3.569
3.559
3.521
3.566
3.599
3.578
3.555
3.565
3.555
3.568
3.578
3.581
3.561
3.571
3.578
3.572
3.581
3.579
3.591
3.565
3.576
3.573
3.572
3.569
3.582
3.580
3.572
3.565
3.585
3.576
3.561
3.579
3.575
3.573
3.588
3.567
3.568
3.577
3.561
3.581
3.575
3.557
3.574
3.581
3.566
3.557
3.581
3.579
3.567
3.563
3.524
3.577
3.563
3.596
3.582
3.567
3.560
3.549
3.564
3.576
3.571
3.570
3.564
3.557
