0.830148
0.813356
0.813156
0.81456
0.811876
0.811996
0.812276
0.811156
0.811992
0.812076
0.812156
0.811512
0.811796
0.811676
0.811636
0.812156
0.812316
0.811956
0.812036
0.82518
0.811796
0.811996
0.812116
0.812196
0.811316
0.812036
0.812356
0.812356
0.811956
0.8124
0.812116
0.812636
0.811916
0.812196
0.811956
0.812676
0.811872
0.811796
0.843692
0.812076
0.812276
0.812076
0.812356
0.812116
0.811876
0.811796
0.812316
0.812036
0.812076
0.811756
0.812116
0.811916
0.812636
0.812276
0.81268
0.812116
0.812436
0.811836
0.971816
0.812396
0.812032
0.815484
0.812196
0.812836
0.811956
0.812596
0.812116
0.811836
0.811956
0.811512
0.811836
0.811996
0.811876
0.811996
0.811836
0.811556
0.812156
0.844016
0.811236
0.812276
0.812196
0.812316
0.811316
0.81272
0.811876
0.812076
0.812356
0.812076
0.812196
0.811956
0.811756
0.811916
0.811996
0.811432
0.812636
0.812236
0.831876
0.812116
0.811876
0.812036
