5.737
6.827
10.922
10.746
6.318
6.313
6.322
6.345
6.335
6.318
6.339
6.366
6.327
6.244
6.334
6.242
6.262
6.298
6.257
4.267
6.319
6.321
6.322
6.351
6.363
6.326
6.321
6.347
6.325
6.320
6.326
6.332
6.319
6.282
6.337
4.311
6.292
6.310
6.343
6.324
6.343
6.328
6.323
4.745
6.307
6.340
6.315
5.155
6.319
6.323
6.322
6.330
6.288
6.331
6.277
6.292
6.289
6.341
6.322
5.178
6.316
6.327
6.329
5.222
5.179
6.348
6.322
5.849
5.169
6.316
6.314
6.329
4.257
6.305
6.323
6.328
6.336
6.342
6.345
6.256
6.302
6.337
6.323
6.323
4.586
6.317
6.356
6.344
6.353
6.343
6.328
6.322
4.878
6.269
6.321
6.329
5.254
6.328
6.330
6.318
