6.213
6.275
6.414
3.947
3.578
3.589
3.579
3.594
3.587
3.579
3.580
3.600
3.579
3.578
3.585
3.578
3.576
3.587
3.568
3.580
3.585
3.577
3.577
3.598
3.578
3.578
3.598
3.467
3.456
3.448
3.456
3.447
3.563
3.598
3.579
3.578
3.584
3.578
3.578
3.597
3.578
3.579
3.594
3.578
3.578
3.786
4.134
4.117
4.081
4.123
4.219
4.256
4.128
4.161
4.137
4.143
4.083
4.081
3.506
3.514
3.509
3.506
3.576
3.526
3.512
3.508
3.502
3.503
3.542
3.526
3.525
3.532
3.520
3.504
3.513
3.507
3.505
3.507
3.540
3.524
3.526
3.531
3.502
3.500
3.526
3.502
3.501
3.449
3.313
3.302
3.309
3.304
3.303
3.302
3.348
3.342
3.310
3.317
3.416
3.609
