1.3139
1.30985
1.34434
1.30613
1.30609
1.30511
1.30505
1.30562
1.31304
1.31871
1.30579
1.30507
1.30536
1.35361
1.32594
1.30685
1.30538
1.30803
1.30574
1.30603
1.3213
1.31216
1.30611
1.30572
1.30744
1.3055
1.31603
1.30579
1.3066
1.3055
1.30719
1.30711
1.30758
1.32222
1.31272
1.30669
1.30742
1.30666
1.30672
1.3148
1.30699
1.30613
1.30718
1.30734
1.30777
1.31296
1.30719
1.30722
1.30783
1.30656
1.30683
1.32126
1.30726
1.30648
1.30681
1.3074
1.30709
1.31321
1.30736
1.30744
1.30699
1.30664
1.3076
1.30722
1.31521
1.30808
1.30701
1.30703
1.30674
1.30713
1.32153
1.30724
1.30754
1.30721
1.30734
1.30691
1.31445
1.30658
1.30715
1.30979
1.30703
1.30681
1.32132
1.30667
1.30705
1.3073
1.30773
1.30701
1.31294
1.30662
1.30693
1.33349
1.31623
1.3054
1.31998
1.30585
1.311
1.30579
1.30521
1.3056
