0.835369
0.833846
0.839437
0.833946
0.833286
0.829308
0.828767
0.852381
0.833265
0.829058
0.827114
0.845728
0.834157
0.831101
0.828346
0.828486
0.825741
0.834758
0.83029
0.826452
0.840298
0.842944
0.832363
0.836481
0.829218
0.827284
0.83607
0.83004
0.828677
0.833486
0.827564
0.8413
0.839196
0.830039
0.829168
0.826513
0.857952
0.838595
0.830109
0.828227
0.850267
0.834137
0.83028
0.827815
0.825962
0.840409
0.831702
0.828917
0.828055
0.829208
0.834217
0.828326
0.827024
0.827765
0.826743
0.851109
0.828767
0.827314
0.826152
0.833465
0.828076
0.828236
0.827515
0.826463
0.840919
0.829619
0.829588
0.829118
0.826843
0.834528
0.826983
0.827304
0.828165
0.826152
0.832203
0.827555
0.827695
0.827305
0.827414
0.840639
0.826071
0.826593
0.827033
0.832283
0.826633
0.827736
0.825781
0.826253
0.838015
0.828517
0.828095
0.827214
0.824309
0.831341
0.828006
0.829508
0.827103
0.827054
0.839307
0.828256
