1.41063
1.37012
0.915948
0.817924
0.81516
0.930456
0.818768
0.819088
0.816084
0.815284
0.818448
0.818688
0.816044
0.81512
0.815244
0.839248
0.818608
0.819008
0.815364
0.815764
0.818408
0.818568
0.818288
0.818568
0.818848
0.818608
0.818448
0.818364
0.8158
0.818448
0.816364
0.815524
0.818888
0.81572
0.844416
0.818848
0.816364
0.819248
0.815244
0.81536
0.817564
0.81552
0.817924
0.818648
0.815484
0.818648
0.81524
0.815524
0.816644
0.81564
0.818208
0.818008
0.815444
0.818088
0.849424
0.81548
0.818488
0.818608
0.818448
0.819008
0.815724
0.815684
0.819008
0.815764
0.815644
0.819208
0.818084
0.818484
0.818328
0.818368
0.817088
0.818048
0.818608
0.829188
0.815644
0.815804
0.819208
0.818568
0.818768
0.818448
0.818568
0.816684
0.819008
0.817888
0.815524
0.817648
0.817768
0.818168
0.841852
0.818768
0.818972
0.818128
0.8469
0.818288
0.818128
0.818408
0.818248
0.818008
0.816524
0.818608
