0.816721
0.815819
0.812911
0.813283
0.841657
0.814706
0.815101
0.813631
0.81342
0.812789
0.819616
0.815325
0.813938
0.812875
0.813074
0.812553
0.823352
0.813902
0.812814
0.812442
0.812319
0.812664
0.827174
0.814063
0.813593
0.813333
0.813074
0.812851
0.829969
0.814483
0.81259
0.812479
0.812356
0.812133
0.817265
0.814137
0.81337
0.813753
0.813135
0.81394
0.836796
0.814595
0.813233
0.813853
0.812937
0.812702
0.818564
0.813679
0.813147
0.813036
0.812863
1.05939
0.894237
0.816153
0.814446
0.813272
0.812875
0.812454
0.830649
0.813654
0.812863
0.812009
0.812443
0.812838
0.816821
0.814978
0.814805
0.813048
0.812381
0.81253
0.835349
0.81384
0.814644
0.813841
0.813196
0.813494
0.817811
0.812628
0.81337
0.812343
0.812986
0.812541
0.83044
0.813469
0.813012
0.812158
0.812109
0.811874
0.823179
0.813233
0.812456
0.813135
0.812133
0.812565
0.816846
0.813172
0.812183
0.812714
0.812146
0.812417
