2.833
2.806
2.878
2.853
2.872
2.855
2.861
2.899
2.860
2.873
2.856
2.817
2.820
2.840
2.829
2.820
2.835
2.819
2.824
2.833
2.860
2.843
2.797
2.873
2.856
2.829
2.831
2.818
2.824
2.791
2.840
2.831
2.834
2.868
2.818
2.856
2.827
2.834
2.826
2.803
2.861
2.861
2.871
2.917
2.858
2.859
2.865
2.871
2.859
2.822
2.815
2.853
2.864
2.864
2.857
2.826
2.878
2.884
2.867
2.891
2.865
2.885
2.885
2.812
2.797
2.821
2.853
2.829
2.838
2.837
2.860
2.860
2.798
2.859
2.873
2.792
2.794
2.806
2.837
2.863
2.836
2.822
2.849
2.859
2.833
2.864
2.934
2.885
2.891
2.864
2.868
2.857
2.816
2.762
2.834
2.836
2.791
2.828
2.825
2.887
