1.19696
1.16235
1.15996
1.19667
1.16283
1.16081
1.16024
1.17344
1.16198
1.16249
1.17172
1.16878
1.22839
1.15584
1.1757
1.16726
1.16271
1.16878
1.16375
1.16257
1.1657
1.16095
1.16047
1.16027
1.17572
1.16377
1.16043
1.17016
1.1656
1.1686
1.16563
1.16979
1.16607
1.16416
1.17843
1.16689
1.17563
1.20947
1.16371
1.1601
1.15859
1.16498
1.16565
1.16393
1.17732
1.16401
1.16475
1.16582
1.16925
1.16534
1.16565
1.17482
1.16638
1.16511
1.16909
1.16622
1.16851
1.16584
1.17841
1.16543
1.16437
1.17342
1.16491
1.16608
1.16406
1.17922
1.16548
1.16501
1.17081
1.16508
1.16534
1.17725
1.16511
1.1654
1.16619
1.17058
1.16642
1.16545
1.17459
1.16651
1.16582
1.16705
1.16938
1.1633
1.1672
1.16968
1.16496
1.1651
1.17524
1.16511
1.16692
1.16358
1.17495
1.16321
1.16596
1.16868
1.18797
1.21572
1.17404
1.16134
