0.819531
0.819389
0.819475
0.819086
0.818611
0.819111
0.819336
0.818944
0.819583
0.818919
0.8185
0.819056
0.818528
0.8635
0.819808
0.819697
0.818667
0.818944
0.81875
0.818556
0.818472
0.818503
0.819253
0.818111
0.818808
0.818808
0.834086
0.818556
0.819114
0.818108
0.820086
0.819
0.819
0.819003
0.8185
0.819281
0.818975
0.818053
0.819
0.840931
0.819194
0.819669
0.818889
0.818139
0.818836
0.819
0.819475
0.818136
0.818864
0.818833
0.818417
0.818861
0.819556
0.83005
0.818306
0.8185
0.818444
0.819336
0.818417
0.818806
0.818833
0.81875
0.819419
0.81875
0.819281
0.818667
0.837536
0.818917
0.820364
0.819528
0.819111
0.81875
0.818833
0.818889
0.818469
0.818
0.8185
0.819028
0.818917
0.826903
0.819444
0.818278
0.819281
0.818583
0.818556
0.819503
0.820281
0.81875
0.819778
0.819169
0.818778
0.819111
0.819197
0.82685
0.819361
0.819919
0.818833
0.818806
0.819114
0.818975
