0.822213
0.82406
0.819571
0.855365
0.818802
0.820052
0.819422
0.825044
0.819116
0.823346
0.818875
0.826949
0.818644
0.819348
0.81736
0.834375
0.815994
0.820266
0.819174
0.824821
0.819787
0.817468
0.822238
0.825947
0.820631
0.818512
0.817286
0.828199
0.819008
0.817227
0.818999
0.865408
0.823065
0.82155
0.819671
0.83373
0.821194
0.819065
0.820283
0.828521
0.820167
0.820267
0.817353
0.824979
0.822287
0.818197
0.819538
0.831775
0.816027
0.819612
0.818992
0.822379
0.820764
0.818081
0.81982
0.824357
0.815356
0.81924
0.820325
0.831767
0.819464
0.81996
0.819314
0.825383
0.81953
0.815473
0.822263
0.830003
0.817087
0.819214
0.82044
0.827751
0.818677
0.816574
0.817982
0.831726
0.818478
0.822866
0.824374
0.819712
0.817882
0.817998
0.824258
0.82078
0.82121
0.821574
0.833812
0.822031
0.819886
0.819563
0.823645
0.819157
0.818917
0.819091
0.829813
0.817045
0.823554
0.820531
0.826087
0.822974
