1.36993
1.36817
1.3688
1.38007
1.37926
1.37869
1.37957
1.38051
1.38039
1.38001
1.40562
1.38189
1.38308
1.38089
1.38108
1.38214
1.38221
1.38208
1.38195
1.38233
1.38283
1.38308
1.38176
1.38252
1.38214
1.38039
1.38164
1.39929
1.38502
1.38258
1.38383
1.38246
1.38346
1.38177
1.38214
1.38221
1.38339
1.38371
1.38271
1.38396
1.38371
1.38252
1.38327
1.38302
1.38277
1.45046
1.40118
1.23781
1.16505
1.16467
1.16486
1.16429
1.16486
1.1643
1.16424
1.16467
1.16511
1.16454
1.16574
1.16637
1.16374
1.1643
1.16555
1.16473
1.16429
1.16461
1.28026
1.18502
1.18408
1.18477
1.18665
1.18453
1.18434
1.1849
1.18427
1.18571
1.18465
1.18453
1.18446
1.18559
1.18459
1.18559
1.18552
1.18622
1.1859
1.18396
1.23318
1.18396
1.18515
1.18409
1.18402
1.18502
1.18421
1.18509
1.18446
1.1849
1.18515
1.1849
1.18509
1.55584
