3.755
3.753
3.716
3.815
3.751
3.714
3.800
3.708
3.698
4.213
3.752
3.785
3.627
3.732
3.697
3.748
3.832
3.771
3.703
3.729
4.560
4.757
3.890
4.962
6.242
4.100
3.716
3.809
3.662
3.714
5.175
4.546
3.750
3.737
3.670
3.664
3.741
4.649
4.057
3.727
3.643
3.703
4.709
3.783
3.744
3.721
3.743
4.229
3.757
3.688
4.062
3.735
6.316
4.628
4.363
3.727
3.751
3.680
4.197
4.593
3.737
4.122
3.790
3.716
3.766
3.744
3.775
4.794
3.825
3.845
6.319
4.955
3.769
3.852
3.745
4.170
4.747
3.603
3.608
3.740
3.743
3.702
4.168
4.947
4.476
3.916
4.208
4.570
3.785
3.699
3.851
3.864
3.623
4.616
4.610
4.392
4.125
5.140
3.730
3.656
