0.813831
0.813519
0.813394
0.814394
0.813394
0.813206
0.813019
0.813081
0.813769
0.838944
0.813269
0.812894
0.814144
0.813144
0.815831
0.812831
0.813269
0.813456
0.813775
0.813706
0.813206
0.813394
0.813206
0.813519
0.814081
0.813706
0.812763
0.813394
0.814019
0.813144
0.813081
0.813206
0.813081
0.813456
0.813581
0.812956
0.813519
0.812456
0.8643
0.813456
0.812956
0.813456
0.813137
0.818656
0.813456
0.813456
0.813206
0.813206
0.812887
0.813019
0.813144
0.813456
0.813581
0.813581
0.813331
0.813137
0.813394
0.813331
0.813394
0.813769
0.813144
0.813081
0.813269
0.813769
0.813831
0.813519
0.813269
0.813269
0.882337
0.814269
0.812894
0.813144
0.813388
0.816462
0.813519
0.813331
0.813394
0.813456
0.813769
0.813137
0.813769
0.813831
0.813831
0.813081
0.813894
0.812887
0.813519
0.8132
0.813769
0.813644
0.813081
0.813456
0.813456
0.813331
0.813512
0.813706
0.813712
0.813081
0.904125
0.814206
