8.814
8.515
5.243
4.777
4.930
5.013
4.918
4.986
4.973
4.920
4.965
4.920
4.923
4.951
5.059
4.917
4.919
5.006
4.927
4.918
5.011
4.991
4.949
5.028
4.919
4.919
4.921
5.055
4.900
4.915
5.067
4.918
4.918
4.999
4.918
4.923
4.974
5.013
4.936
4.959
4.946
4.917
4.919
5.035
4.915
4.919
5.031
4.918
4.919
4.998
4.918
4.916
4.982
5.025
5.091
4.958
4.919
4.899
4.915
5.030
4.915
5.125
5.086
4.917
4.921
4.989
4.923
5.213
5.098
4.921
5.097
4.945
4.937
4.918
5.000
5.226
4.963
4.968
5.079
4.923
4.949
5.007
4.917
4.951
4.975
4.916
5.088
4.969
4.923
4.897
4.917
5.044
4.917
4.945
5.067
4.922
4.922
4.999
4.914
4.918
