24.301
24.265
24.269
24.267
24.334
24.376
24.238
24.322
24.264
24.215
24.340
23.987
24.203
24.225
25.156
24.290
24.234
25.417
25.315
24.087
24.337
24.524
24.113
24.161
24.139
24.154
24.156
24.208
24.155
24.150
24.236
24.237
24.188
24.158
24.230
24.182
24.123
24.200
24.144
24.135
24.195
24.211
24.164
24.120
24.179
24.109
24.206
24.147
24.240
24.165
24.141
24.203
24.080
24.136
24.189
24.145
24.174
24.104
24.210
24.175
24.147
24.168
24.157
24.145
24.127
25.100
24.499
24.168
24.246
24.101
24.111
24.261
24.189
24.191
24.154
24.215
24.139
24.131
24.175
24.134
24.085
24.170
24.287
24.146
24.374
23.857
23.745
23.772
23.730
24.117
23.830
23.731
23.773
23.733
23.789
23.798
23.716
23.760
23.765
23.803
