3.567
3.411
3.666
3.555
3.815
3.650
3.575
3.594
3.646
3.799
3.627
3.685
3.841
3.781
3.739
3.869
4.179
4.216
5.174
5.035
6.430
5.698
5.456
3.769
3.998
4.315
4.277
4.204
4.178
4.139
4.204
4.226
3.785
3.885
4.097
3.785
3.801
3.594
3.565
3.566
3.897
5.180
6.392
6.462
6.031
4.149
4.157
4.135
5.170
5.973
5.167
6.442
6.030
4.078
4.184
3.963
3.780
3.898
5.181
6.047
4.140
3.642
3.779
3.704
3.772
6.643
7.445
6.543
6.010
6.055
4.133
4.228
4.213
4.686
3.865
3.760
3.871
3.736
3.755
3.994
4.247
5.254
6.528
5.758
5.993
3.922
3.764
3.890
3.852
3.873
3.903
3.895
3.797
3.881
3.760
3.753
3.775
3.763
3.741
3.724
