2.798
2.774
2.786
2.784
2.767
2.775
2.759
2.784
2.758
2.778
2.765
2.761
2.766
2.757
2.776
2.754
2.791
2.766
2.753
2.772
2.760
2.760
2.753
2.772
2.774
2.781
2.784
2.759
2.782
2.780
2.779
2.773
2.780
2.786
2.803
2.804
2.793
2.809
2.792
2.799
2.804
2.872
2.875
2.808
2.803
2.795
2.842
2.804
2.798
2.801
2.795
2.825
2.795
2.797
2.807
2.791
2.840
2.803
2.803
2.793
2.825
2.796
2.790
2.799
2.791
2.809
2.792
2.804
2.847
2.804
2.816
2.793
2.798
2.790
2.809
2.793
2.800
2.805
2.787
2.770
2.757
2.764
2.774
2.758
2.763
2.760
2.762
2.782
2.799
2.786
2.823
2.814
2.790
2.800
2.793
2.812
2.790
2.806
2.817
2.796
