0.827347
0.81483
0.816301
0.815695
0.815498
0.81624
0.835189
0.815633
0.816623
0.815448
0.815857
0.816648
0.838874
0.814483
0.81546
0.820495
0.817563
0.815114
0.820037
0.815758
0.81572
0.814014
0.819752
0.814657
0.826531
0.815114
0.823252
0.814643
0.81499
0.814867
0.826272
0.816104
0.816549
0.816042
0.815522
0.815411
0.84
0.817477
0.815535
0.81551
0.815807
0.814149
0.826048
0.815274
0.816067
0.8153
0.8165
0.815573
0.819741
0.814211
0.815535
0.815942
0.81572
0.815114
0.819443
0.8152
0.817117
0.815101
0.815423
0.815906
0.825317
0.81603
0.814174
0.814521
0.815831
0.815237
0.819567
0.814433
0.816054
0.815881
0.817093
0.816201
0.825567
0.816352
0.815633
0.817193
0.815572
0.814681
0.819258
0.815522
0.815721
0.815572
0.816636
0.815423
0.826085
0.815956
0.815683
0.816127
0.815646
0.813975
0.820247
0.815683
0.815672
0.815015
0.815721
0.816722
0.819084
0.815783
0.817279
0.815448
