8.363
8.298
8.315
9.298
8.229
6.717
7.050
7.062
7.021
6.995
6.811
5.455
5.415
6.781
6.673
5.336
5.220
6.693
7.052
5.120
6.670
7.010
6.679
5.169
5.162
5.531
5.434
5.469
5.386
5.356
6.723
7.056
7.032
7.037
6.998
7.033
7.024
6.998
6.452
5.145
4.999
5.005
5.120
5.064
5.267
6.692
7.123
6.161
4.988
4.957
5.002
5.308
5.415
5.366
5.360
5.364
6.405
5.188
6.697
6.978
6.513
4.960
5.006
5.307
5.365
5.411
5.369
5.365
6.684
6.990
7.030
7.010
7.003
5.585
4.965
4.966
5.295
6.451
5.308
6.689
6.978
6.607
5.373
5.368
5.369
5.371
5.235
4.972
4.968
5.015
6.649
6.398
5.183
5.183
6.723
5.473
4.898
6.639
7.004
7.018
