1.30944
1.29297
1.2913
1.29197
1.2918
1.29233
1.30878
1.29199
1.30285
1.2933
1.29174
1.29161
1.29174
1.29244
1.29208
1.31927
1.30126
1.29166
1.29224
1.29227
1.29269
1.29174
1.29166
1.31618
1.30502
1.30566
1.29266
1.29158
1.29208
1.29311
1.29158
1.2918
1.31306
1.29514
1.29219
1.2955
1.29163
1.29199
1.29238
1.29197
1.30107
1.29631
1.29839
1.29208
1.29127
1.29286
1.292
1.29227
1.29225
1.3117
1.29837
1.29239
1.29252
1.29224
1.29219
1.29236
1.30204
1.30071
1.2923
1.29801
1.29224
1.29155
1.29166
1.2925
1.29283
1.2913
1.35481
1.29228
1.30246
1.29138
1.29169
1.29252
1.29272
1.36758
1.30516
1.30162
1.3024
1.29406
1.29258
1.29224
1.29244
1.29208
1.29408
1.31721
1.29642
1.29266
1.29403
1.29469
1.29439
1.29377
1.29447
1.32839
1.2918
1.29299
1.29483
1.33324
1.30883
1.29149
1.29219
1.29233
