0.966131
0.965476
0.964843
0.965067
0.965333
0.9648
1.00103
0.928243
0.814806
0.813641
0.813682
0.813498
0.81362
0.813212
0.813151
0.813806
0.819222
0.813376
0.813702
0.813396
0.813684
0.8136
0.813824
0.813927
0.813396
0.813335
0.817527
0.8136
0.814727
0.813171
0.812312
0.812373
0.8127
0.812659
0.812784
0.812639
0.831408
0.812659
0.8127
0.812945
0.81399
0.812988
0.81268
0.812804
0.812598
0.813047
0.8191
0.814235
0.813314
0.813435
0.812986
0.813047
0.813314
0.812927
0.813722
0.813376
0.819
0.813251
0.813253
0.813006
0.814029
0.813376
0.812845
0.813273
0.83969
0.832984
0.812947
0.81501
0.815543
0.81358
0.813253
0.812927
0.81311
0.813212
0.81362
0.848543
0.813233
0.812927
0.81358
0.813131
0.812804
0.813008
0.813273
0.813271
0.814029
0.818547
0.813008
0.814398
0.813376
0.812967
0.813273
0.814029
0.813314
0.813908
0.813192
0.827014
0.812906
0.813233
0.813682
0.813088
