4.234
4.213
3.767
4.109
3.879
3.683
4.020
3.709
4.109
3.840
4.029
3.851
3.745
4.247
4.826
6.268
6.290
4.469
3.851
4.354
3.896
4.045
4.204
3.709
4.100
6.263
4.348
6.228
4.309
3.756
3.646
4.084
6.357
4.655
3.855
4.098
6.303
6.556
6.427
5.610
6.232
4.360
3.705
3.626
3.645
3.734
3.483
3.580
4.053
6.287
6.507
4.122
3.719
4.153
6.156
4.361
3.703
3.727
3.731
4.241
6.284
6.436
4.376
3.929
3.545
3.677
6.321
6.494
3.897
4.269
6.247
4.456
4.249
6.280
6.505
3.994
3.754
3.864
3.737
4.193
3.958
3.738
3.456
3.545
3.616
4.139
4.194
4.171
3.717
4.182
4.087
3.749
3.642
3.753
4.263
4.152
4.101
6.167
3.874
3.605
