2.804
2.774
2.734
2.758
2.733
2.727
2.773
2.767
2.761
2.790
2.766
2.764
2.770
2.740
2.762
2.766
2.797
2.822
2.828
2.787
2.818
2.826
2.820
2.823
2.846
2.822
2.820
2.782
2.792
2.789
2.799
2.791
2.794
2.793
2.790
2.797
2.732
2.757
2.781
2.762
2.790
2.816
2.793
2.792
2.811
2.791
2.822
2.832
2.821
2.819
2.831
2.823
2.821
2.854
2.823
2.825
2.831
2.824
2.840
2.793
2.794
2.804
2.791
2.791
2.828
2.822
2.821
2.834
2.806
2.794
2.800
2.789
2.788
2.805
2.787
2.789
2.799
2.788
2.790
2.797
2.789
2.787
2.818
2.789
2.792
2.796
2.784
2.792
2.808
2.793
2.795
2.791
2.791
2.797
2.819
2.820
2.828
2.800
2.789
2.797
