7.179
5.423
5.060
4.951
4.809
4.821
4.808
4.880
4.051
4.049
4.061
4.048
4.088
4.048
4.051
4.061
4.056
4.067
4.062
4.052
4.061
4.071
4.066
4.067
4.050
4.050
4.069
4.048
4.049
4.058
4.050
4.049
4.069
4.048
4.086
4.047
4.049
4.070
4.046
4.049
4.068
4.047
4.066
4.049
4.052
4.058
4.050
4.048
4.084
4.051
4.047
4.057
4.049
4.067
4.049
4.098
4.054
4.046
4.057
4.063
4.046
4.057
4.080
4.047
4.052
4.057
4.048
4.066
4.045
4.048
4.061
4.045
4.052
4.046
4.048
4.098
4.058
4.049
4.064
4.048
4.046
4.069
4.057
4.053
4.048
4.052
4.062
4.046
4.044
4.068
4.048
4.048
4.085
4.045
4.074
4.048
4.048
4.054
4.057
4.044
