3.561
3.252
4.057
4.075
4.161
6.237
6.332
6.265
6.265
6.300
6.271
6.280
6.269
6.265
6.288
6.256
6.276
6.322
4.116
4.034
4.135
6.319
5.010
4.125
6.319
6.319
6.318
6.311
6.341
6.314
6.188
4.100
5.306
3.985
4.027
4.025
4.088
6.334
6.322
6.262
6.268
6.266
6.286
6.283
6.265
6.328
6.324
6.326
6.308
6.270
6.302
6.320
6.323
6.292
6.256
6.291
6.287
6.279
6.286
6.258
6.331
6.330
6.313
4.685
4.004
4.112
5.890
4.107
6.316
3.998
4.017
4.110
6.239
6.284
6.263
6.331
6.308
6.322
4.946
4.107
6.328
6.332
6.323
6.322
6.342
6.325
6.311
6.248
6.279
6.342
6.322
6.335
6.325
6.319
6.348
6.320
6.332
6.326
6.323
6.285
