2.800
2.749
2.738
2.769
2.745
2.781
2.889
2.905
2.910
2.894
2.920
2.893
2.901
2.899
2.908
2.895
2.905
2.911
2.908
2.864
2.794
2.802
2.800
2.812
2.805
2.800
2.810
2.806
2.817
2.812
2.827
2.817
2.807
2.819
2.799
2.809
2.802
2.795
2.811
2.807
2.798
2.789
2.812
3.040
2.885
2.888
2.891
2.890
2.885
2.908
2.881
2.888
2.881
2.896
2.889
2.883
2.899
2.889
2.920
2.919
2.926
2.942
2.941
2.935
2.922
2.964
2.953
2.949
2.959
2.967
2.965
2.938
2.945
2.935
2.945
2.929
2.945
2.927
2.932
2.946
2.937
2.988
2.965
2.983
2.970
2.976
2.974
2.973
2.961
2.969
2.970
2.936
2.916
2.819
2.806
2.804
2.811
2.810
2.794
2.812
