1.17668
1.14738
1.14726
1.14758
1.1475
1.14738
1.1483
1.15223
1.15556
1.15576
1.15544
1.15636
1.15672
1.15776
1.21615
1.17323
1.17271
1.17099
1.17175
1.17146
1.17087
1.17195
1.17187
1.17247
1.17175
1.17151
1.17179
1.19062
1.17219
1.17231
1.17115
1.17171
1.17403
1.17215
1.17126
1.17231
1.17299
1.17235
1.17106
1.17231
1.19816
1.17182
1.17139
1.17231
1.17431
1.17339
1.17271
1.17171
1.17215
1.17154
1.17423
1.17227
1.17379
1.17151
1.18393
1.17403
1.17375
1.17327
1.17431
1.17556
1.17307
1.17343
1.17395
1.17572
1.17555
1.17532
1.17371
1.18329
1.1758
1.17427
1.17387
1.20433
1.17383
1.17892
1.17411
1.17251
1.17371
1.17503
1.17375
1.17435
1.17531
1.19467
1.15616
1.15576
1.1588
1.15576
1.15716
1.1564
1.15604
1.15624
1.15844
1.15676
1.15656
1.15656
1.16838
1.15672
1.15584
1.15636
1.15564
1.19523
