0.814158
0.813519
0.813436
0.813044
0.813072
0.81235
0.812656
0.812711
0.812461
0.829575
0.813714
0.814464
0.813183
0.812431
0.812294
0.812906
0.812683
0.812628
0.813044
0.812822
0.812683
0.813017
0.863361
0.814772
0.813325
0.815244
0.813242
0.813381
0.813406
0.813714
0.813658
0.814019
0.814356
0.813908
0.813239
0.813406
0.823872
0.814742
0.815633
0.813658
0.814217
0.813436
0.814131
0.813017
0.812964
0.813464
0.813686
0.812989
0.813489
0.860494
0.813547
0.814769
0.8131
0.813464
0.812853
0.813353
0.813131
0.813353
0.813353
0.81335
0.812933
0.813322
0.81335
0.823175
0.812964
0.814383
0.813131
0.812461
0.812933
0.813325
0.813214
0.813183
0.813044
0.812767
0.812961
0.813353
0.844742
0.813044
0.814381
0.815411
0.813517
0.813017
0.8131
0.813575
0.813214
0.812906
0.813128
0.813603
0.813381
0.822869
0.813186
0.813381
0.814769
0.813572
0.812906
0.813464
0.812992
0.813825
0.813406
0.813464
