4.463
4.326
4.283
4.253
4.284
4.302
5.067
5.085
4.310
4.259
4.285
4.289
4.283
4.325
4.292
4.243
4.284
4.338
5.095
5.112
5.055
5.053
5.057
4.293
4.282
4.258
4.276
4.305
4.277
4.256
4.323
4.276
4.294
4.240
4.287
4.249
4.333
4.272
4.304
4.330
4.272
4.268
4.304
4.313
4.283
4.260
4.300
4.330
4.293
4.272
4.294
4.276
4.258
4.328
4.256
4.339
4.317
4.292
4.329
5.101
4.257
4.253
4.279
4.285
4.332
4.313
4.266
4.301
4.282
4.273
4.311
4.352
4.299
4.251
4.333
4.284
4.334
4.249
4.309
4.247
4.304
4.296
4.302
4.278
4.292
4.277
4.268
4.269
4.380
4.275
4.281
4.268
4.273
4.267
4.322
4.292
4.327
4.280
4.283
4.300
