3.775
3.609
3.595
3.599
3.676
3.801
3.788
3.766
3.956
3.701
3.716
3.830
5.047
4.201
4.066
3.784
3.753
3.747
3.708
3.611
3.615
3.678
3.995
4.172
4.219
5.151
5.540
3.909
3.630
3.672
3.702
5.148
6.528
5.601
3.976
4.170
3.750
3.754
3.624
3.671
3.742
3.786
3.693
3.787
3.805
3.790
3.679
3.780
3.780
3.751
3.746
3.677
4.006
3.748
3.867
4.227
4.187
4.116
4.132
4.132
4.104
4.078
3.948
4.230
4.531
4.087
3.725
3.666
3.853
5.236
6.387
4.249
5.156
4.346
4.244
4.205
4.147
4.128
3.852
4.170
4.121
4.084
4.133
3.832
3.684
3.562
3.701
3.725
3.693
3.699
3.812
3.706
3.660
4.212
4.177
4.164
4.126
3.898
3.561
3.675
