5.243
5.141
5.087
5.131
5.178
5.101
5.091
5.090
5.214
5.330
5.225
5.086
5.180
5.087
5.166
5.208
5.130
5.089
5.122
5.088
5.083
5.208
5.087
5.201
5.097
5.214
5.227
5.162
5.087
5.158
5.097
5.130
5.094
5.129
5.102
5.083
5.194
5.247
5.205
5.084
5.159
5.085
5.160
5.085
5.121
5.090
5.098
5.102
5.087
5.215
5.088
5.178
5.083
5.161
5.293
5.149
5.086
5.128
5.124
5.121
5.091
5.086
5.208
5.174
5.206
5.089
5.176
5.086
5.152
5.143
5.150
5.090
5.119
5.087
5.093
5.085
5.086
5.205
5.086
5.185
5.152
5.167
5.088
5.140
5.089
5.148
5.088
5.108
5.087
5.088
5.196
5.170
5.193
5.087
5.153
5.085
5.141
5.090
5.134
5.089
