4.395
4.295
4.282
4.258
4.254
4.286
4.263
4.267
4.251
4.247
4.252
4.270
4.247
4.237
4.236
4.260
4.253
4.266
4.290
4.253
4.264
4.259
4.250
4.248
4.254
4.249
4.281
4.251
4.296
4.278
4.259
4.282
4.258
4.258
4.254
4.248
4.239
4.250
4.255
4.248
4.282
4.253
4.260
4.250
4.249
4.272
4.248
4.240
4.248
4.278
4.251
4.249
4.289
4.266
4.260
7.478
5.590
5.079
4.764
4.272
4.300
4.280
4.295
4.286
4.342
4.328
4.275
6.035
6.623
4.244
4.359
7.276
5.567
4.269
4.303
4.311
4.274
4.248
4.253
4.261
4.247
4.271
4.242
4.258
4.249
4.242
4.260
4.261
4.287
4.271
4.238
4.247
4.250
4.252
4.243
4.267
4.271
4.250
4.298
4.264
