2.11107
2.13311
2.09641
2.10299
2.15114
2.25922
2.04119
1.35997
1.24501
1.24357
1.24031
1.24364
1.2385
1.2385
1.24746
1.24119
1.24357
1.20688
1.2003
1.19372
1.20074
1.18947
1.19059
1.21658
1.19034
1.19241
1.19254
1.19742
1.1916
1.18853
1.18934
1.20306
1.20162
1.1941
1.19285
1.19936
1.18991
1.18916
1.19129
1.19466
1.19109
1.18903
1.19029
1.20081
1.20719
1.19454
1.19336
1.19078
1.19122
1.19184
1.19198
1.19699
1.19129
1.19592
1.19054
1.19705
1.18716
1.19366
1.18966
1.18966
1.19617
1.1921
1.19379
1.18998
1.26812
1.19404
1.19003
1.18834
1.19517
1.23568
1.19843
1.18979
1.19053
1.19385
1.19811
1.19567
1.19636
1.18878
1.19655
1.19191
1.18797
1.19498
1.19498
1.18909
1.20281
1.21314
1.19886
1.19404
1.19981
1.19179
1.19642
1.18847
1.1988
1.19386
1.19679
1.18822
1.1983
1.20111
1.19148
1.19372
