0.81344
0.812156
0.811876
0.811632
0.812476
0.811112
0.812476
0.811996
0.811952
0.811512
0.811996
0.811956
0.812076
0.812356
0.812316
0.812676
0.812196
0.86658
0.812156
0.811956
0.81472
0.811672
0.811876
0.811876
0.811632
0.812236
0.811436
0.812236
0.811956
0.812076
0.81236
0.811196
0.811956
0.811876
0.812396
0.812236
0.884652
0.811992
0.81264
1.19391
0.813436
0.812036
0.812436
0.811836
0.811552
0.812196
0.812076
0.811916
0.812036
0.812276
0.812036
0.812276
0.811716
0.811876
0.812276
0.880484
0.811712
0.812036
0.81324
0.8126
0.811756
0.812276
0.811916
0.81236
0.812156
0.811632
0.812116
0.812036
0.811916
0.812316
0.81236
0.811956
0.811752
0.812116
0.825864
0.811596
0.811832
0.811796
0.812156
0.811792
0.812076
0.811916
0.811472
0.812076
0.811916
0.811756
0.812156
0.812316
0.811716
0.812116
0.811836
0.812116
0.81252
0.841452
0.811752
0.812196
0.81492
0.811996
0.812076
0.812356
