0.819025
0.8189
0.8179
0.817837
0.817462
0.818213
0.820781
0.819719
0.820844
0.817712
0.818338
0.818213
0.819712
0.818525
0.819969
0.817775
0.819906
0.817281
0.842444
0.8174
0.8179
0.817469
0.821094
0.821031
0.818213
0.817588
0.817525
0.820469
0.818087
0.8179
0.819281
0.817469
0.818087
0.819844
0.821163
0.820531
0.817525
0.817963
0.820725
0.81765
0.817775
0.817775
0.820656
0.818094
0.821094
0.817963
0.820531
0.818525
0.817588
0.817969
0.820156
0.81765
0.817712
0.818025
0.818594
0.819531
0.818531
0.819219
0.817594
0.81815
0.820844
0.818906
0.820281
0.819837
0.819969
0.817275
0.81765
0.820906
0.817588
0.817781
0.820844
0.817594
0.817775
0.818156
0.818406
0.820656
0.8184
0.871194
0.818087
0.820656
0.819781
0.818213
0.8189
0.820719
0.819531
0.820975
0.820094
0.9184
0.817531
0.818531
0.819656
0.818844
0.819031
0.818219
0.821156
0.8174
0.818025
0.820219
0.818525
0.818025
