2.07031
2.13143
2.10388
2.08988
2.0303
2.01721
2.051
2.08099
2.0318
2.00406
2.03951
2.02151
2.04188
2.02233
2.03092
2.08693
1.98821
1.98842
1.97015
1.97333
1.96571
1.9982
2.00865
2.00872
1.97599
1.95073
1.88712
1.86948
1.86714
1.87489
1.87441
1.90065
2.14252
1.92762
1.85251
1.82846
1.88458
1.83336
1.86064
1.84014
1.84563
1.83077
1.84597
1.8247
1.8267
1.82087
1.83589
1.82321
1.8106
1.83854
1.81116
1.82905
1.80781
1.84457
1.89717
1.84894
1.82766
1.8321
1.84133
1.92868
1.90395
1.83577
1.80981
1.80215
1.84475
1.89626
1.85906
1.81533
1.84566
1.83299
1.82684
1.8238
1.85298
1.9204
1.85477
1.85792
1.84955
1.87137
1.89977
1.8819
1.81608
1.82276
1.8003
1.8033
1.80561
1.82617
1.89276
1.85523
1.79129
1.77436
1.81696
1.76587
1.79827
1.78374
1.7994
1.80859
1.81868
1.80375
1.79492
1.79524
