4.004
4.886
4.837
4.829
5.656
4.798
4.929
4.798
5.664
5.711
5.680
5.680
5.694
5.683
5.722
3.939
4.947
4.841
5.665
4.827
4.812
4.796
3.907
3.960
4.072
4.871
5.681
5.693
5.668
4.817
4.833
4.822
5.692
4.882
3.920
4.898
5.713
5.681
4.807
5.724
5.717
5.682
3.871
4.880
5.675
5.670
5.675
5.680
5.665
3.887
4.961
4.843
5.682
5.586
4.822
5.681
5.668
5.703
5.104
5.669
5.664
3.889
4.925
5.009
5.667
4.657
4.919
5.663
5.731
5.664
5.686
5.676
5.675
5.662
5.726
4.815
3.897
4.621
5.660
5.749
5.684
5.699
5.679
5.664
5.701
4.885
4.825
5.700
5.761
5.675
5.682
5.670
5.656
4.865
5.709
3.916
4.951
5.674
5.745
5.324
