1.1628
1.19016
1.16433
1.16284
1.16406
1.16217
1.16456
1.18994
1.1622
1.16359
1.16394
1.16319
1.17208
1.16496
1.16469
1.25511
1.16452
1.17903
1.17216
1.16492
1.16356
1.16461
1.16915
1.16507
1.1645
1.16461
1.16472
1.16461
1.17667
1.16452
1.16339
1.16491
1.16514
1.17616
1.16558
1.1647
1.16419
1.16469
1.16787
1.16474
1.16463
1.16495
1.16406
1.16417
1.17477
1.16521
1.16586
1.16466
1.16439
1.16863
1.16428
1.16485
1.16478
1.16485
1.1689
1.16502
1.16466
1.16499
1.16518
1.1648
1.17533
1.16369
1.16511
1.1826
1.15838
1.17083
1.16383
1.16358
1.16395
1.1634
1.17958
1.16438
1.16353
1.16328
1.16435
1.1643
1.16762
1.16322
1.16351
1.16228
1.16366
1.16589
1.16355
1.1635
1.16383
1.17731
1.17997
1.16629
1.16535
1.16311
1.16427
1.16397
1.16838
1.165
1.16542
1.16446
1.16507
1.16752
1.16494
1.16486
