1.16129
1.17032
1.17855
1.168
1.18424
1.17003
1.16289
1.17479
1.17251
1.16247
1.18942
1.16947
1.16745
1.17116
1.16679
1.16392
1.20828
1.16775
1.1791
1.16369
1.15853
1.16811
1.1746
1.15997
1.16811
1.15785
1.15625
1.1746
1.15811
1.1583
1.17014
1.16437
1.16045
1.16177
1.15421
1.16765
1.16027
1.1619
1.17619
1.15834
1.15531
1.16982
1.16442
1.15581
1.16702
1.17064
1.17395
1.17111
1.16238
1.17731
1.16494
1.17885
1.17033
1.15516
1.15483
1.17244
1.16259
1.16312
1.16878
1.163
1.16239
1.27319
1.16154
1.17525
1.16234
1.17331
1.1759
1.16192
1.17398
1.1774
1.16753
1.16376
1.17429
1.17258
1.17492
1.17549
1.16989
1.16923
1.16742
1.16258
1.17314
1.16999
1.16286
1.17909
1.17476
1.16273
1.20459
1.15814
1.17034
1.15603
1.15557
1.16258
1.15511
1.15657
1.16553
1.15426
1.15947
1.17113
1.16669
1.18191
