6.264
6.108
6.131
6.185
6.129
6.242
6.234
6.202
6.246
6.228
6.242
5.736
5.164
5.183
5.117
5.223
5.130
5.183
5.155
5.200
5.252
5.141
5.143
5.101
5.193
5.137
5.149
5.141
5.275
5.178
5.129
5.089
5.208
5.173
5.177
5.168
5.133
5.176
5.150
5.257
5.190
5.139
5.155
5.129
5.237
5.100
5.164
5.189
5.105
5.223
5.189
5.158
5.198
5.122
5.149
5.166
5.130
5.133
5.158
5.200
5.141
5.149
5.075
5.201
5.167
5.124
5.122
5.100
5.344
5.009
4.935
4.936
4.933
5.055
4.940
4.938
5.006
4.975
5.056
4.936
4.934
4.923
4.921
5.083
4.930
4.944
4.932
4.937
5.057
4.931
4.960
4.936
4.935
5.044
4.968
4.940
4.931
4.935
5.074
4.935
