24.387
24.232
24.748
24.615
24.587
24.650
24.689
24.549
24.661
24.572
24.697
24.643
24.669
25.082
24.625
24.670
24.542
24.530
24.641
24.570
24.659
25.428
24.520
24.569
24.608
25.794
24.650
24.625
25.017
24.490
24.546
24.997
24.585
24.518
24.548
24.630
24.513
24.661
24.590
24.550
24.579
24.796
24.597
24.540
24.626
24.605
24.560
24.659
24.625
24.527
24.561
24.501
24.617
24.544
24.545
25.164
24.570
24.652
24.551
24.673
24.520
24.505
25.166
24.570
24.575
32.265
25.992
24.488
24.445
24.434
24.481
24.491
24.426
24.541
24.499
24.421
24.449
24.455
24.601
24.553
24.544
24.359
24.387
24.391
24.419
24.427
24.414
24.403
24.477
24.391
24.481
24.373
24.394
24.479
24.391
24.374
24.358
24.391
24.353
24.378
