0.972175
0.973428
0.972483
0.972369
0.972453
0.972344
1.01645
0.978131
0.864781
0.818917
0.818919
0.818694
0.819364
0.819222
0.819
0.818583
0.818472
0.819003
0.819253
0.841292
0.819392
0.819083
0.819083
0.819697
0.819111
0.819392
0.819278
0.819
0.818778
0.819086
0.818892
0.818975
0.830497
0.818528
0.819722
0.819142
0.818614
0.818139
0.818944
0.819031
0.819083
0.818389
0.819278
0.818722
0.819836
0.820308
0.854511
0.818917
0.819111
0.819197
0.819058
0.819444
0.818889
0.819475
0.819694
0.819142
0.819114
0.818611
0.818889
0.831497
0.818697
0.820169
0.819558
0.818944
0.819472
0.818944
0.819392
0.819417
0.818694
0.819892
0.818972
0.819058
0.860106
0.81925
0.819697
0.818611
0.819781
0.818444
0.818806
0.818469
0.819058
0.818639
0.819111
0.819086
0.818694
0.81875
0.830075
0.819253
0.819808
0.819003
0.81875
0.818694
0.818586
0.819142
0.819531
0.819753
0.819031
0.818861
0.819058
0.840875
