16.142
15.853
15.800
16.117
16.058
16.014
16.002
15.904
15.847
15.837
15.894
16.044
16.005
16.171
15.995
15.964
16.518
16.557
16.459
16.391
16.383
16.387
16.403
16.408
16.403
16.399
16.473
16.417
16.381
16.368
16.515
16.169
16.561
16.090
16.103
16.040
16.398
16.422
16.384
16.320
16.384
16.442
16.462
16.377
17.474
16.278
16.078
16.141
16.136
16.608
16.623
16.616
16.497
16.543
16.463
16.514
16.564
16.543
16.197
16.184
16.204
16.245
16.211
16.217
16.192
16.393
16.458
16.453
16.544
16.562
16.708
16.521
16.222
16.153
16.138
16.177
16.045
16.278
16.351
16.190
16.194
16.090
16.398
16.458
16.321
16.354
16.448
16.249
16.240
16.305
16.250
16.146
16.152
16.276
16.294
16.258
16.384
16.379
16.474
16.686
