6.574
6.388
6.381
6.391
6.049
3.710
3.701
3.744
3.707
3.707
3.733
3.717
3.710
3.702
3.710
3.699
3.707
3.727
3.710
3.701
3.711
3.707
3.701
3.714
3.764
3.710
3.979
3.707
3.705
3.700
3.773
3.699
3.705
3.701
3.706
3.700
3.708
3.874
3.696
3.696
3.733
3.704
3.800
3.959
3.709
3.700
3.710
3.948
3.702
3.703
3.766
3.688
3.705
3.703
3.700
3.709
3.701
3.741
3.700
3.707
3.702
3.708
3.706
3.786
3.709
3.710
3.716
3.727
3.715
3.705
3.739
3.706
3.697
3.708
3.744
3.713
3.700
3.727
3.703
3.708
3.709
3.701
3.708
3.752
3.709
3.702
3.709
3.706
3.701
3.703
3.719
3.700
3.705
3.702
3.701
3.700
3.700
3.717
3.702
3.701
