4.722
4.621
4.619
4.794
3.356
2.706
2.674
2.672
2.681
2.741
2.813
2.782
2.820
3.092
2.686
2.715
2.672
2.705
2.673
2.671
2.753
2.674
2.672
2.672
2.672
2.672
2.693
2.711
2.727
2.782
2.782
2.782
2.791
2.781
2.782
2.781
2.781
2.800
2.672
2.696
2.697
2.782
2.781
2.793
2.783
2.782
2.782
2.782
2.878
2.813
2.783
2.783
2.784
2.782
2.784
2.794
2.784
2.780
2.783
2.781
2.791
2.784
2.783
2.783
2.782
2.783
2.807
2.783
2.803
2.783
2.783
2.782
2.794
2.782
2.782
2.786
2.783
2.808
2.793
2.792
2.793
2.793
2.793
2.804
2.792
2.793
2.791
2.792
2.792
2.816
2.793
2.792
2.793
2.793
2.801
2.793
2.815
2.793
2.794
2.792
