4.198
5.035
5.415
5.414
4.011
5.225
5.638
5.644
5.653
5.407
4.003
5.429
5.651
5.640
5.387
5.293
3.972
5.244
5.643
5.638
5.359
5.411
4.097
4.000
5.010
5.437
4.062
5.250
5.695
5.673
5.661
5.653
5.635
5.422
5.662
5.488
5.648
5.657
5.653
5.640
4.983
5.404
5.204
5.649
5.226
5.268
5.666
5.645
5.641
5.616
4.093
5.288
4.573
5.428
5.637
5.637
5.425
5.662
5.659
5.641
5.714
4.188
5.468
3.999
5.449
4.535
5.411
5.608
3.935
5.434
4.502
5.105
5.397
5.645
5.646
4.048
5.453
5.635
5.424
5.393
5.417
5.442
5.653
5.644
5.656
5.648
5.643
5.380
5.394
4.011
4.333
5.017
5.425
5.229
4.002
4.515
4.099
5.466
5.653
5.672
