4.837
4.813
4.862
4.813
4.814
4.918
4.820
4.840
4.823
4.884
4.109
4.057
4.104
4.305
4.315
4.356
4.369
4.300
4.228
4.053
4.092
4.052
4.056
4.053
4.113
4.061
4.053
4.082
4.067
4.079
4.058
4.054
4.085
4.053
4.071
4.053
4.070
4.052
4.053
4.054
4.126
4.054
4.088
4.085
4.057
4.056
4.056
4.063
4.057
4.078
4.054
4.088
4.110
4.070
4.053
4.068
4.055
4.054
4.051
4.062
4.052
4.056
4.052
4.082
4.059
4.055
4.058
4.070
4.056
4.078
4.057
4.087
4.060
4.054
4.056
4.079
4.056
4.057
4.056
4.088
4.053
4.066
4.054
4.065
4.056
4.052
4.053
4.064
4.072
4.054
4.083
4.055
4.058
4.058
4.064
4.054
4.057
4.058
4.065
4.060
