0.819139
0.818444
0.818528
0.817886
0.817386
0.817525
0.817914
0.817608
0.817972
0.843936
0.818167
0.817775
0.819111
0.81775
0.818528
0.817053
0.817914
0.818247
0.818722
0.817497
0.817331
0.817833
0.817219
0.881144
0.818194
0.817692
0.817692
0.817164
0.817942
0.817581
0.818083
0.817581
0.818639
0.818306
0.81775
0.818081
0.83105
0.817833
0.818472
0.817886
0.818306
0.817108
0.817247
0.818081
0.817608
0.818136
0.818164
0.817803
0.817858
0.825261
0.817528
0.817667
0.817917
0.817639
0.817361
0.817917
0.817528
0.817806
0.817917
0.817136
0.817917
0.818136
0.817414
0.838983
0.817719
0.817833
0.818194
0.817914
0.817636
0.817497
0.817472
0.817831
0.817775
0.817747
0.818083
0.818222
0.826239
0.817581
0.817525
0.817636
0.817497
0.817861
0.817831
0.818
0.81825
0.817469
0.817914
0.818111
0.817556
0.818667
0.840958
0.818111
0.817889
0.818222
0.817525
0.817803
0.817525
0.817497
0.817719
0.817803
