1.31306
1.29648
1.29982
1.29261
1.29233
1.29211
1.29152
1.29241
1.29219
1.34765
1.29929
1.29305
1.29233
1.29241
1.29286
1.29286
1.29236
1.31481
1.29864
1.29244
1.29236
1.30046
1.29294
1.29278
1.29236
1.2928
1.33939
1.29993
1.29222
1.29289
1.29194
1.29283
1.2935
1.29188
1.31156
1.30307
1.29194
1.29258
1.29199
1.29261
1.29161
1.29261
1.30146
1.29286
1.29294
1.29244
1.29286
1.2918
1.29191
1.29202
1.29141
1.31267
1.29219
1.29146
1.29272
1.29213
1.29227
1.29241
1.29239
1.29266
1.30619
1.29263
1.29297
1.29219
1.29208
1.29236
1.2925
1.29303
1.30154
1.29202
1.29216
1.29233
1.29697
1.292
1.29239
1.29233
1.29272
1.31515
1.29542
1.29177
1.29269
1.29277
1.29258
1.29247
1.30638
1.30054
1.29289
1.29213
1.29202
1.2923
1.29294
1.29202
1.29333
1.29177
1.31473
1.29272
1.29236
1.29222
1.29186
1.29264
