4.939
4.131
4.153
4.170
4.226
4.279
4.180
4.192
4.183
4.134
4.150
4.143
4.154
4.207
4.183
4.115
4.107
4.117
4.103
4.132
4.153
4.209
4.177
4.212
4.172
4.273
4.195
4.208
4.176
4.194
4.175
4.213
4.176
4.186
4.182
4.179
4.184
4.130
4.135
4.115
4.117
4.161
4.188
4.181
4.195
4.105
4.114
4.106
4.138
4.107
4.169
4.174
4.191
4.182
4.176
4.153
4.157
4.170
4.132
4.103
4.201
4.267
4.263
4.245
4.198
4.165
4.230
4.247
4.256
4.307
4.215
4.194
4.179
4.249
4.173
4.183
4.172
4.185
4.171
4.197
4.193
4.194
4.175
4.124
4.101
4.116
4.127
4.181
4.118
4.157
4.234
4.256
4.179
4.130
4.127
4.131
4.098
4.154
4.109
4.163
