2.789
2.786
2.774
2.767
2.779
2.805
2.778
2.781
2.789
2.772
2.776
2.763
2.772
2.817
2.768
2.770
2.766
2.825
2.793
2.782
2.796
2.817
2.816
2.802
2.812
2.846
2.845
2.835
2.819
2.812
2.801
2.799
2.811
2.814
2.821
2.814
2.813
2.792
2.776
2.779
2.764
2.791
2.850
2.763
2.783
2.832
2.898
2.837
2.862
2.862
2.850
2.831
2.819
2.809
2.832
2.830
2.841
2.849
2.825
2.851
2.839
2.847
2.837
2.833
2.835
2.796
2.794
2.767
2.765
2.789
2.768
2.758
2.783
2.777
2.779
2.779
2.782
2.762
2.771
2.774
2.768
2.774
2.778
2.806
2.758
2.784
2.782
2.769
2.768
2.788
2.765
2.762
2.765
2.783
2.769
2.804
2.810
2.794
2.801
2.772
