20.795
20.591
20.547
20.564
20.642
20.618
20.504
20.621
20.561
20.498
20.596
20.615
20.583
20.546
20.548
20.584
20.563
20.557
20.526
20.560
20.567
20.496
20.583
20.549
20.404
20.503
20.518
20.512
20.461
20.477
20.400
20.591
20.559
20.462
20.529
20.498
20.409
20.446
20.595
20.602
20.625
20.555
20.522
20.475
20.485
20.475
20.425
20.461
20.484
20.710
20.548
20.577
20.606
20.583
20.557
20.573
20.589
20.575
20.557
20.634
20.571
20.604
20.509
20.585
20.545
20.566
20.600
20.584
20.511
20.516
20.506
20.561
20.477
20.598
20.568
20.505
20.534
20.518
20.474
20.493
20.503
20.445
20.520
20.564
20.534
20.526
20.609
20.546
20.618
20.654
20.556
20.648
20.624
20.565
20.606
20.570
20.485
20.601
20.872
20.591
