3.558
3.604
3.600
3.576
3.587
3.575
3.582
3.570
3.565
3.586
3.567
3.599
3.558
3.584
3.572
3.557
3.706
3.767
3.776
3.772
3.783
3.775
3.809
3.771
3.783
3.756
3.766
3.789
3.772
3.781
3.779
3.791
3.763
3.799
3.785
3.783
3.766
3.770
3.801
3.665
3.599
3.576
3.584
3.579
3.558
3.582
3.569
3.577
3.573
3.589
3.564
3.586
3.573
3.568
3.589
3.558
3.593
3.574
3.583
3.600
3.590
3.578
3.568
3.583
3.569
3.579
3.571
3.691
3.791
3.740
3.784
3.786
3.793
3.778
3.775
3.693
3.766
3.770
3.779
3.800
3.794
3.786
3.780
3.807
3.766
3.656
3.580
3.559
3.613
3.565
3.582
3.580
3.588
3.582
3.598
3.567
3.573
3.565
3.583
3.577
