1.29805
1.15203
1.1519
1.30676
1.36849
1.36724
1.36718
1.3673
1.37025
1.38033
1.38089
1.37908
1.3802
1.37976
1.37939
1.37983
1.3797
1.3812
1.42021
1.38039
1.37995
1.38152
1.38121
1.38258
1.38133
1.38126
1.37976
1.38133
1.38039
1.38077
1.38151
1.38152
1.38195
1.38095
1.38321
1.38264
1.43906
1.42353
1.40775
1.40832
1.40932
1.40606
1.40587
1.40794
1.40769
1.40544
1.40712
1.4085
1.40644
1.40625
1.40688
1.40543
1.407
1.47006
1.40625
1.40556
1.4152
1.18464
1.18496
1.18528
1.18509
1.18396
1.18384
1.18453
1.18396
1.18427
1.18465
1.1844
1.18403
1.18459
1.18446
1.18697
1.18584
1.21113
1.18421
1.18477
1.18446
1.18415
1.18377
1.18464
1.18477
1.1844
1.18371
1.18621
1.18339
1.1854
1.18578
1.18496
1.18502
1.18421
1.18352
1.18421
1.18352
1.18464
1.20099
1.18409
1.18571
1.18421
1.18421
1.18502
