4.830
4.771
4.768
4.764
4.808
4.770
4.760
4.745
4.628
4.719
4.619
3.631
2.728
2.675
2.674
2.676
2.680
2.690
2.679
2.675
2.676
2.681
2.680
2.680
2.674
2.675
2.681
2.836
2.680
2.679
2.679
2.673
2.727
2.679
2.676
2.680
2.730
2.675
2.679
2.679
2.680
2.739
2.675
2.682
2.682
2.696
2.739
2.676
2.684
2.673
2.677
2.674
2.676
2.680
2.721
2.680
2.674
2.675
2.738
2.720
2.680
2.674
2.675
2.701
2.730
2.678
2.674
2.681
2.677
2.677
2.742
2.675
2.684
2.801
2.678
2.683
2.676
2.678
2.674
2.675
2.681
2.675
2.699
2.675
2.677
2.681
2.675
2.680
2.676
2.674
2.679
2.694
2.679
2.675
2.674
2.681
2.675
2.679
2.675
2.674
