1.15183
1.15616
1.15676
1.17203
1.1572
1.15752
1.15784
1.15684
1.15768
1.15736
1.15776
1.1572
1.15684
1.1564
1.15804
1.1572
1.15756
1.18798
1.1568
1.15784
1.1562
1.15652
1.15796
1.15608
1.15712
1.156
1.15764
1.16678
1.1663
1.16618
1.16638
1.20798
1.17339
1.17455
1.17411
1.17487
1.17535
1.17423
1.17391
1.17455
1.17299
1.17471
1.17492
1.17415
1.19291
1.17319
1.17447
1.17407
1.17447
1.17435
1.17347
1.17367
1.17331
1.17419
1.17447
1.17456
1.17431
1.18329
1.17351
1.17431
1.17427
1.17419
1.17411
1.2333
1.1574
1.15736
1.15596
1.15632
1.1568
1.15712
1.1564
1.19423
1.17387
1.17427
1.17351
1.17399
1.17423
1.17411
1.17331
1.17468
1.17535
1.17287
1.17395
1.17359
1.18581
1.17403
1.17351
1.17355
1.17403
1.17275
1.17431
1.17387
1.17431
1.17451
1.17323
1.17423
1.33181
1.18196
1.19238
1.17439
