1.2475
1.20814
1.19013
1.19493
1.19308
1.19722
1.19556
1.18185
1.18992
1.18179
1.1897
1.18698
1.19218
1.18718
1.20228
1.19578
1.18085
1.20527
1.19061
1.19668
1.192
1.17354
1.19482
1.17924
1.1834
1.1793
1.18009
1.19143
1.20444
1.19019
1.20485
1.18267
1.19435
1.19426
1.1774
1.17735
1.19866
1.18612
1.17795
1.19555
1.17806
1.18807
1.20857
1.19363
1.2032
1.18411
1.18106
1.18574
1.16801
1.1815
1.21576
1.18899
1.19259
1.18875
1.18407
1.18315
1.19573
1.17985
1.20447
1.17823
1.28725
1.81869
2.0362
1.99298
2.01187
2.01938
1.33646
1.1797
1.18088
1.19141
1.18488
1.18226
1.18209
1.1814
1.18899
1.17216
1.19699
1.16798
1.17271
1.18214
1.17142
1.1753
1.18528
1.19329
1.19643
1.20181
1.18541
1.1914
1.1809
1.2199
1.18208
1.17718
1.19209
1.16959
1.17707
1.20962
1.18559
1.1888
1.17677
1.17333
