1.34557
1.27306
1.27225
1.26918
1.28802
1.26874
1.26868
1.27031
1.26862
1.27194
1.27037
1.26843
1.26956
1.26906
1.27206
1.2715
1.2725
1.27507
1.27219
1.29285
1.27075
1.26937
1.26962
1.28346
1.27131
1.26893
1.27156
1.27056
1.27238
1.26868
1.27149
1.27049
1.27124
1.27419
1.27194
1.26987
1.26874
1.27225
1.26918
1.29974
1.27037
1.26918
1.27845
1.26931
1.26956
1.26831
1.272
1.26912
1.26962
1.26899
1.26931
1.26993
1.26924
1.27125
1.27194
1.26843
1.26899
1.26924
1.31739
1.27281
1.26937
1.2869
1.26781
1.26981
1.26943
1.27081
1.27188
1.26956
1.26862
1.26887
1.26974
1.26837
1.26949
1.27049
1.26981
1.26824
1.26881
1.29874
1.26987
1.26906
1.26899
1.27507
1.26849
1.46354
1.27168
1.26993
1.2725
1.27281
1.27074
1.27137
1.27024
1.26818
1.26949
1.26931
1.26881
1.26831
1.32096
1.26906
1.26899
1.26824
