3.551
3.645
4.150
4.075
4.130
4.140
4.923
4.139
4.130
4.104
3.380
3.484
3.506
3.481
3.521
3.507
3.517
3.485
3.559
3.523
3.492
3.495
3.538
3.528
3.488
3.504
3.482
3.487
3.488
3.481
3.504
3.490
3.505
3.484
3.631
3.629
3.616
3.666
3.624
3.565
3.497
3.511
3.501
3.485
3.492
3.485
3.387
3.478
3.491
3.485
3.511
3.507
3.483
3.494
3.482
3.499
3.482
3.489
3.487
3.502
3.519
3.490
3.496
3.547
3.511
3.486
3.547
3.502
3.505
3.523
3.484
3.491
3.477
3.509
3.491
3.500
3.497
3.496
3.506
3.482
3.548
3.501
3.493
3.475
3.478
3.490
3.495
3.510
3.483
3.490
3.591
3.495
3.495
3.482
3.613
3.706
3.421
3.370
3.483
3.498
