21.443
21.120
21.197
21.025
21.196
21.192
21.046
21.042
21.016
21.106
21.136
21.183
21.090
21.160
21.103
21.138
21.157
21.158
21.217
21.213
21.274
21.365
21.145
21.167
21.177
21.250
21.159
21.036
21.075
21.070
21.186
21.219
21.115
21.047
21.098
21.101
21.152
21.168
21.109
23.444
20.395
20.469
20.384
20.307
20.525
20.393
20.804
20.303
20.295
20.209
20.626
20.816
20.742
20.926
20.755
20.745
20.837
20.744
20.833
20.824
20.780
20.956
20.795
20.869
20.808
20.854
20.746
20.743
20.781
20.750
20.848
20.867
20.748
20.737
20.872
20.913
20.854
20.874
20.824
20.817
20.817
20.758
20.826
20.828
20.931
20.908
20.930
20.843
20.834
20.749
20.805
20.805
20.831
20.834
20.833
20.768
20.827
20.879
20.868
20.883
