4.190
4.113
4.232
5.689
5.694
4.130
4.100
4.875
5.704
5.713
4.902
5.691
5.683
4.894
4.767
5.681
5.759
5.684
5.690
5.685
5.708
5.711
5.696
4.945
4.099
5.695
5.687
4.875
4.962
5.706
5.699
5.697
4.108
4.126
5.673
7.214
7.535
6.942
6.999
4.672
4.337
4.201
4.319
4.196
4.183
4.166
4.321
4.260
5.703
5.728
5.705
4.968
4.897
4.118
5.685
4.953
5.701
4.118
5.696
4.259
5.698
4.971
4.958
4.114
5.696
4.894
5.686
5.682
5.685
5.683
4.868
5.685
4.884
5.428
5.671
4.873
4.082
5.372
5.683
4.899
5.709
5.691
5.690
5.690
5.608
4.864
5.685
4.109
4.107
4.074
5.674
4.817
5.679
5.733
5.677
4.100
4.877
4.072
4.066
5.747
